Frame,FPS
1,37.27
2,4.01
3,188.47
4,290.48
5,383.94
6,364.96
7,409.27
8,374.35
9,374.45
10,357.04
11,322.58
12,367.77
13,344.31
14,367.89
15,329.24
16,351.79
17,312.02
18,338.73
19,342.59
20,316.74
21,355.56
22,319.99
23,393.84
24,363.32
25,312.55
26,383.97
27,341.62
28,352.50
29,315.81
30,290.94
31,359.91
32,339.09
33,317.47
34,367.82
35,352.60
36,332.69
37,319.03
38,336.68
39,343.52
40,342.54
41,313.27
42,331.93
43,359.98
44,359.74
45,329.83
46,339.59
47,351.93
48,342.11
49,362.61
50,343.12
51,343.97
52,316.60
53,320.31
54,386.73
55,347.88
56,364.17
57,356.04
58,401.19
59,383.74
60,356.80
61,402.25
62,359.87
63,391.83
64,359.67
65,354.30
66,407.53
67,368.94
68,308.38
69,315.42
70,359.29
71,321.08
72,407.63
73,304.60
74,359.44
75,368.37
76,348.08
77,374.95
78,366.30
79,350.58
80,398.17
81,366.30
82,400.24
83,337.84
84,406.55
85,338.60
86,323.71
87,403.13
88,249.88
89,355.93
90,349.52
91,390.37
92,385.45
93,362.15
94,364.39
95,340.60
96,362.61
97,397.63
98,341.44
99,360.05
100,415.45
101,372.98
102,361.17
103,411.69
104,417.12
105,433.16
106,379.64
107,403.31
108,405.63
109,385.76
110,412.56
111,409.37
112,440.88
113,412.87
114,423.91
115,387.54
116,426.80
117,447.53
118,455.08
119,453.27
120,437.58
121,410.51
122,427.39
123,403.42
124,376.66
125,404.06
126,382.64
127,403.94
128,437.33
129,446.33
130,440.68
131,412.95
132,418.27
133,439.19
134,405.10
135,413.89
136,384.54
137,411.78
138,403.94
139,416.56
140,435.05
141,407.83
142,426.95
143,424.70
144,433.18
145,423.60
146,434.35
147,421.71
148,378.86
149,399.47
150,423.84
151,395.48
152,370.78
153,416.39
154,401.72
155,397.11
156,421.48
157,426.26
158,348.00
159,397.74
160,406.08
161,363.83
162,369.39
163,367.51
164,386.65
165,395.23
166,405.65
167,365.86
168,399.33
169,408.21
170,407.17
171,419.66
172,407.88
173,410.27
174,397.69
175,423.55
176,404.33
177,416.70
178,414.80
179,405.58
180,350.40
181,399.97
182,425.21
183,440.14
184,369.89
185,347.29
186,335.28
187,352.62
188,353.93
189,372.23
190,374.34
191,346.01
192,358.09
193,296.07
194,362.42
195,366.46
196,355.47
197,354.66
198,329.94
199,348.95
200,342.17
201,331.60
202,347.89
203,315.18
204,366.76
205,369.25
206,360.36
207,354.30
208,363.57
209,343.42
210,310.60
211,328.67
212,343.50
213,196.43
214,226.25
215,345.79
216,358.08
217,218.19
218,336.36
219,247.79
220,274.83
221,263.90
222,223.40
223,268.56
224,281.75
225,320.22
226,360.76
227,337.66
228,337.68
229,296.74
230,351.53
231,353.29
232,362.21
233,341.27
234,367.62
235,362.24
236,312.94
237,349.99
238,350.93
239,369.45
240,343.56
241,337.35
242,332.57
243,350.55
244,355.80
245,360.23
246,334.84
247,365.76
248,348.50
249,363.49
250,325.50
251,348.10
252,370.19
253,325.67
254,335.67
255,347.49
256,327.32
257,333.87
258,307.02
259,368.23
260,365.87
261,361.55
262,381.11
263,416.79
264,375.01
265,412.42
266,369.55
267,339.41
268,405.56
269,428.14
270,437.08
271,408.56
272,263.69
273,369.33
274,432.62
275,389.20
276,414.56
277,358.37
278,349.87
279,426.53
280,426.13
281,393.14
282,406.47
283,367.48
284,409.60
285,353.07
286,337.40
287,290.10
288,311.11
289,368.74
290,335.58
291,353.03
292,317.69
293,344.80
294,364.15
295,367.57
296,361.18
297,356.57
298,347.40
299,334.72
300,368.35
301,374.25
302,370.40
303,334.14
304,357.13
305,349.33
306,369.66
307,362.98
308,347.80
309,340.57
310,362.65
311,346.87
312,400.22
313,344.32
314,394.17
315,365.04
316,373.43
317,392.08
318,358.50
319,361.52
320,331.25
321,409.38
322,368.73
323,367.50
324,371.93
325,372.44
326,373.92
327,333.82
328,355.63
329,397.90
330,369.03
331,378.72
332,364.91
333,345.35
334,304.26
335,359.91
336,377.33
337,347.91
338,346.57
339,351.25
340,362.66
341,412.29
342,377.17
343,354.06
344,353.93
345,364.54
346,367.59
347,311.02
348,312.88
349,373.62
350,344.97
351,294.95
352,300.04
353,309.56
354,286.60
355,291.64
356,271.98
357,329.18
358,296.60
359,373.71
360,390.55
361,365.14
362,359.34
363,378.40
364,360.98
365,402.45
366,358.12
367,407.28
368,372.20
369,294.80
370,380.16
371,343.97
372,404.17
373,405.66
374,368.73
375,357.14
376,375.97
377,326.42
378,401.17
379,412.98
380,412.00
381,384.88
382,432.04
383,404.50
384,422.98
385,410.66
386,417.40
387,401.69
388,373.38
389,419.29
390,402.45
391,413.43
392,447.99
393,356.44
394,422.15
395,411.78
396,419.04
397,362.36
398,329.82
399,369.10
400,393.86
401,391.25
402,416.91
403,429.11
404,437.50
405,424.81
406,410.04
407,451.00
408,421.50
409,423.32
410,444.44
411,422.40
412,415.08
413,417.55
414,411.47
415,411.61
416,421.94
417,425.35
418,413.67
419,399.71
420,424.38
421,409.69
422,412.80
423,416.88
424,427.84
425,406.62
426,419.48
427,419.99
428,393.89
429,405.22
430,417.21
431,411.76
432,391.65
433,429.04
434,404.40
435,399.81
436,415.66
437,368.81
438,413.07
439,424.11
440,431.85
441,419.83
442,427.95
443,424.30
444,417.75
445,419.34
446,415.15
447,422.53
448,435.69
449,412.58
450,419.67
451,393.50
452,414.39
453,407.18
454,431.00
455,417.80
456,406.19
457,409.62
458,416.55
459,388.88
460,352.92
461,275.25
462,364.98
463,400.83
464,426.15
465,355.20
466,317.48
467,404.20
468,405.02
469,387.79
470,424.45
471,442.97
472,436.03
473,428.16
474,422.08
475,401.51
476,417.66
477,413.62
478,417.50
479,406.49
480,406.57
481,434.35
482,402.27
483,322.61
484,371.86
485,372.34
486,344.68
487,357.40
488,266.75
489,350.72
490,411.30
491,417.40
492,435.07
493,363.52
494,400.59
495,348.70
496,426.88
497,436.20
498,401.67
499,423.32
500,415.78
501,414.71
502,445.10
503,380.18
504,423.39
505,420.65
506,374.97
507,380.98
508,425.61
509,415.11
510,428.78
511,417.47
512,414.10
513,426.08
514,413.94
515,418.03
516,409.94
517,404.56
518,429.96
519,432.23
520,445.85
521,445.75
522,444.33
523,448.75
524,444.66
525,441.13
526,427.86
527,443.70
528,439.37
529,434.35
530,425.42
531,396.54
532,414.77
533,403.19
534,402.25
535,429.70
536,412.35
537,412.51
538,436.09
539,428.95
540,418.94
541,416.82
542,431.91
543,404.83
544,416.08
545,425.49
546,433.46
547,429.79
548,433.58
549,367.27
550,428.78
551,444.44
552,445.18
553,421.92
554,416.77
555,453.00
556,425.06
557,347.32
558,406.59
559,406.77
560,416.62
561,416.47
562,435.98
563,426.80
564,425.28
565,431.41
566,433.90
567,410.31
568,430.64
569,429.26
570,420.64
571,418.48
572,417.90
573,390.11
574,366.27
575,421.12
576,429.31
577,419.18
578,427.37
579,423.89
580,404.07
581,406.72
582,430.13
583,412.85
584,401.91
585,418.01
586,402.20
587,377.70
588,406.64
589,352.72
590,419.39
591,435.01
592,424.56
593,372.56
594,151.15
595,297.39
596,318.71
597,390.55
598,423.73
599,421.69
600,419.89
601,406.32
602,402.46
603,359.54
604,406.09
605,386.20
606,438.25
607,436.21
608,424.54
609,396.42
610,420.35
611,422.73
612,431.69
613,433.41
614,436.32
615,392.85
616,421.98
617,442.48
618,423.48
619,415.04
620,413.10
621,433.35
622,135.51
623,235.75
624,284.16
625,307.25
626,338.05
627,323.40
628,296.05
629,228.42
630,264.54
631,300.00
632,273.30
633,280.38
634,270.37
635,298.81
636,281.04
637,300.17
638,310.50
639,295.52
640,311.99
641,312.04
642,290.35
643,290.31
644,284.37
645,406.83
646,428.95
647,431.93
648,408.51
649,417.89
650,424.02
651,387.30
652,257.71
653,389.94
654,420.19
655,409.97
656,414.77
657,390.72
658,431.17
659,434.92
660,421.04
661,427.72
662,428.89
663,412.29
664,424.18
665,412.30
666,415.58
667,357.69
668,419.76
669,435.29
670,426.95
671,416.75
672,410.19
673,425.35
674,437.79
675,422.71
676,442.28
677,443.81
678,415.42
679,441.97
680,405.53
681,412.30
682,380.24
683,421.57
684,406.93
685,432.34
686,420.72
687,415.68
688,377.10
689,432.06
690,414.78
691,434.16
692,429.33
693,405.06
694,431.16
695,438.29
696,436.28
697,436.49
698,417.71
699,443.87
700,431.24
701,448.09
702,428.58
703,442.07
704,438.60
705,404.68
706,422.80
707,451.92
708,424.63
709,436.99
710,440.45
711,436.93
712,446.73
713,416.32
714,428.74
715,434.06
716,398.69
717,443.56
718,414.23
719,414.87
720,418.55
721,424.83
722,444.05
723,432.55
724,436.32
725,429.85
726,402.74
727,430.07
728,419.50
729,430.27
730,429.39
731,426.26
732,406.08
733,372.70
734,437.75
735,406.83
736,428.98
737,420.17
738,419.30
739,410.74
740,408.45
741,437.85
742,430.31
743,422.19
744,397.47
745,410.74
746,424.34
747,412.68
748,428.19
749,424.45
750,420.95
751,434.97
752,405.88
753,329.21
754,363.53
755,363.06
756,372.86
757,374.78
758,361.69
759,431.72
760,440.33
761,424.45
762,430.05
763,434.37
764,423.24
765,404.66
766,395.13
767,434.58
768,415.73
769,435.35
770,429.19
771,370.40
772,425.44
773,423.28
774,377.16
775,438.25
776,370.52
777,413.98
778,389.35
779,424.29
780,356.16
781,381.59
782,416.13
783,416.96
784,362.92
785,416.81
786,375.64
787,378.65
788,386.92
789,372.29
790,405.73
791,390.64
792,357.60
793,371.33
794,383.46
795,371.97
796,344.97
797,359.26
798,354.75
799,375.00
800,363.15
801,357.82
802,355.76
803,331.74
804,326.46
805,300.07
806,341.82
807,301.01
808,317.85
809,352.95
810,333.88
811,352.37
812,355.96
813,316.78
814,298.86
815,345.33
816,325.48
817,338.66
818,305.14
819,272.45
820,366.58
821,367.92
822,347.96
823,204.10
824,349.24
825,245.62
826,314.19
827,338.28
828,371.36
829,372.36
830,370.30
831,376.86
832,342.96
833,371.31
834,333.18
835,323.22
836,322.92
837,314.64
838,302.06
839,377.92
840,375.25
841,362.24
842,357.09
843,351.65
844,341.87
845,267.93
846,253.45
847,357.50
848,374.87
849,340.31
850,352.40
851,342.94
852,358.63
853,360.45
854,369.58
855,374.46
856,364.46
857,360.74
858,309.35
859,354.21
860,360.80
861,356.91
862,363.39
863,370.32
864,367.90
865,342.63
866,364.92
867,378.63
868,382.06
869,267.19
870,362.28
871,367.04
872,344.77
873,305.74
874,329.08
875,283.75
876,261.60
877,362.90
878,382.81
879,336.39
880,321.78
881,346.72
882,266.08
883,329.61
884,263.35
885,180.17
886,303.90
887,319.91
888,259.80
889,349.43
890,369.86
891,327.10
892,339.85
893,404.70
894,373.25
895,325.80
896,415.46
897,380.11
898,361.27
899,315.20
900,372.77
901,419.71
902,377.97
903,369.09
904,367.17
905,355.13
906,361.62
907,374.43
908,342.56
909,350.62
910,368.69
911,320.37
912,379.46
913,308.84
914,234.37
915,287.85
916,269.27
917,236.95
918,335.12
919,376.85
920,340.41
921,427.64
922,423.62
923,428.03
924,457.65
925,442.64
926,349.75
927,421.57
928,454.71
929,444.01
930,446.33
931,430.24
932,417.73
933,405.29
934,435.01
935,403.75
936,437.54
937,402.09
938,426.93
939,428.34
940,414.40
941,434.33
942,440.53
943,409.33
944,430.01
945,394.99
946,407.61
947,416.46
948,417.57
949,433.78
950,428.28
951,412.93
952,429.66
953,410.81
954,404.96
955,371.66
956,399.73
957,354.67
958,415.78
959,377.57
960,376.89
961,322.12
962,314.39
963,363.17
964,376.97
965,377.66
966,378.82
967,380.53
968,320.91
969,337.29
970,274.51
971,342.50
972,364.26
973,369.02
974,370.75
975,374.22
976,353.90
977,264.51
978,367.67
979,355.67
980,370.12
981,334.95
982,367.15
983,367.98
984,221.00
985,282.15
986,313.60
987,363.29
988,254.89
989,307.71
990,359.18
991,326.46
992,246.00
993,341.60
994,374.73
995,329.01
996,330.97
997,269.75
998,358.18
999,334.33
1000,340.11
1001,334.59
1002,241.20
1003,372.87
1004,337.43
1005,340.44
1006,352.72
1007,265.55
1008,355.68
1009,371.91
1010,356.89
1011,352.21
1012,253.43
1013,364.46
1014,358.55
1015,325.53
1016,269.21
1017,359.57
1018,370.10
1019,381.64
1020,240.10
1021,352.60
1022,357.17
1023,420.31
1024,360.93
1025,332.91
1026,411.71
1027,340.52
1028,406.69
1029,370.84
1030,302.31
1031,399.89
1032,346.90
1033,383.82
1034,403.03
1035,424.27
1036,414.34
1037,446.57
1038,403.53
1039,416.27
1040,419.11
1041,426.57
1042,383.79
1043,426.88
1044,407.22
1045,416.25
1046,422.60
1047,414.75
1048,404.30
1049,419.29
1050,373.37
1051,367.34
1052,345.09
1053,396.61
1054,382.13
1055,373.39
1056,389.59
1057,334.83
1058,410.53
1059,380.73
1060,389.89
1061,391.71
1062,390.20
1063,389.94
1064,371.68
1065,384.16
1066,387.78
1067,362.13
1068,382.82
1069,369.03
1070,361.17
1071,374.67
1072,361.77
1073,378.83
1074,286.39
1075,369.79
1076,372.20
1077,329.32
1078,329.64
1079,345.59
1080,319.56
1081,319.09
1082,331.15
1083,358.66
1084,343.71
1085,337.41
1086,348.15
1087,273.37
1088,379.41
1089,337.69
1090,296.06
1091,352.17
1092,368.24
1093,382.15
1094,376.37
1095,347.23
1096,259.63
1097,324.57
1098,354.52
1099,371.11
1100,370.52
1101,266.82
1102,321.42
1103,325.50
1104,369.66
1105,352.77
1106,364.98
1107,359.36
1108,268.88
1109,338.80
1110,328.61
1111,345.87
1112,324.08
1113,358.01
1114,377.71
1115,275.53
1116,308.60
1117,268.74
1118,225.91
1119,365.18
1120,343.45
1121,346.64
1122,369.40
1123,359.31
1124,373.61
1125,347.85
1126,338.32
1127,294.02
1128,366.35
1129,336.36
1130,345.97
1131,356.85
1132,365.15
1133,323.44
1134,367.93
1135,362.87
1136,371.95
1137,370.25
1138,364.83
1139,354.64
1140,359.43
1141,356.09
1142,340.22
1143,345.05
1144,358.00
1145,282.66
1146,351.41
1147,345.29
1148,344.69
1149,362.82
1150,345.79
1151,353.21
1152,364.48
1153,367.34
1154,363.94
1155,307.76
1156,386.83
1157,359.43
1158,263.26
1159,338.72
1160,367.39
1161,370.56
1162,372.02
1163,368.94
1164,371.98
1165,366.80
1166,367.34
1167,360.52
1168,369.88
1169,362.40
1170,358.01
1171,373.90
1172,336.75
1173,314.83
1174,246.21
1175,366.48
1176,334.44
1177,337.67
1178,358.41
1179,375.14
1180,325.88
1181,358.96
1182,351.77
1183,360.84
1184,350.98
1185,362.02
1186,348.72
1187,363.87
1188,372.26
1189,373.58
1190,360.88
1191,363.91
1192,413.36
1193,374.80
1194,424.02
1195,382.51
1196,428.60
1197,249.19
1198,360.36
1199,373.76
1200,379.98
1201,388.43
1202,402.27
1203,353.18
1204,377.29
1205,335.17
1206,375.67
1207,386.65
1208,345.02
1209,373.05
1210,348.94
1211,372.79
1212,431.74
1213,379.35
1214,371.79
1215,414.52
1216,416.58
1217,368.01
1218,380.27
1219,372.55
1220,361.18
1221,373.80
1222,385.59
1223,386.41
1224,383.14
1225,413.34
1226,365.20
1227,329.76
1228,312.32
1229,376.45
1230,377.82
1231,377.07
1232,419.08
1233,369.43
1234,378.96
1235,378.50
1236,378.04
1237,421.21
1238,357.37
1239,371.98
1240,334.57
1241,343.61
1242,366.70
1243,351.78
1244,368.45
1245,380.04
1246,365.31
1247,329.61
1248,362.11
1249,370.92
1250,376.87
1251,344.61
1252,365.82
1253,374.49
1254,368.81
1255,357.16
1256,371.32
1257,378.57
1258,372.37
1259,375.09
1260,343.76
1261,350.21
1262,360.86
1263,321.44
1264,350.98
1265,338.87
1266,368.85
1267,369.99
1268,380.91
1269,358.55
1270,374.11
1271,366.02
1272,368.68
1273,426.77
1274,377.90
1275,383.61
1276,420.03
1277,415.39
1278,402.76
1279,427.73
1280,417.14
1281,442.28
1282,440.30
1283,421.16
1284,420.03
1285,397.14
1286,434.61
1287,412.75
1288,445.16
1289,424.36
1290,447.81
1291,427.26
1292,441.91
1293,432.41
1294,435.86
1295,374.04
1296,422.40
1297,417.54
1298,410.04
1299,402.06
1300,427.86
1301,431.28
1302,406.72
1303,434.63
1304,425.30
1305,451.85
1306,429.35
1307,418.20
1308,432.55
1309,433.93
1310,438.48
1311,398.95
1312,404.53
1313,418.13
1314,378.19
1315,398.12
1316,399.44
1317,392.83
1318,319.05
1319,395.68
1320,427.84
1321,419.69
1322,437.66
1323,400.42
1324,406.74
1325,413.62
1326,410.36
1327,430.77
1328,400.91
1329,413.46
1330,426.99
1331,406.09
1332,414.04
1333,441.03
1334,439.12
1335,448.51
1336,431.41
1337,419.57
1338,420.54
1339,374.81
1340,445.59
1341,448.03
1342,430.03
1343,421.57
1344,365.00
1345,429.20
1346,426.77
1347,436.81
1348,429.59
1349,432.15
1350,408.45
1351,418.18
1352,442.42
1353,431.80
1354,419.43
1355,415.63
1356,422.74
1357,418.62
1358,430.59
1359,434.65
1360,431.22
1361,426.80
1362,428.50
1363,391.48
1364,369.47
1365,441.89
1366,427.62
1367,442.59
1368,448.29
1369,431.74
1370,361.60
1371,363.32
1372,377.16
1373,425.24
1374,411.34
1375,419.71
1376,415.99
1377,390.03
1378,434.35
1379,442.56
1380,427.79
1381,437.37
1382,439.97
1383,401.28
1384,425.68
1385,435.41
1386,449.36
1387,413.87
1388,420.66
1389,418.30
1390,424.95
1391,433.35
1392,404.83
1393,428.06
1394,462.90
1395,406.55
1396,268.42
1397,392.42
1398,445.67
1399,431.31
1400,423.08
1401,435.82
1402,416.25
1403,426.29
1404,414.99
1405,415.02
1406,433.93
1407,427.30
1408,422.92
1409,338.88
1410,405.47
1411,401.56
1412,397.74
1413,406.21
1414,426.53
1415,401.86
1416,411.88
1417,235.56
1418,49.44
1419,271.28
1420,321.93
1421,346.48
1422,340.04
1423,357.42
1424,318.59
1425,335.85
1426,397.66
1427,419.27
1428,399.04
1429,404.16
1430,358.50
1431,385.64
1432,380.46
1433,403.19
1434,415.18
1435,416.42
1436,407.27
1437,429.20
1438,427.35
1439,416.23
1440,416.63
1441,390.27
1442,384.85
1443,407.43
1444,413.87
1445,414.30
1446,412.35
1447,423.10
1448,402.85
1449,396.98
1450,421.39
1451,428.27
1452,415.11
1453,411.49
1454,417.40
1455,386.31
1456,414.40
1457,412.63
1458,386.98
1459,418.73
1460,420.27
1461,396.76
1462,275.98
1463,302.53
1464,406.13
1465,408.06
1466,421.55
1467,392.53
1468,410.05
1469,420.77
1470,407.40
1471,424.34
1472,411.61
1473,395.91
1474,405.30
1475,407.68
1476,414.59
1477,414.22
1478,399.58
1479,421.78
1480,408.18
1481,405.60
1482,410.78
1483,444.11
1484,408.38
1485,416.27
1486,301.16
1487,395.02
1488,365.47
1489,409.57
1490,315.69
1491,410.09
1492,335.72
1493,283.64
1494,365.36
1495,325.45
1496,348.93
1497,301.35
1498,326.04
1499,360.15
1500,358.05
1501,394.37
1502,402.20
1503,346.48
1504,358.29
1505,388.27
1506,368.68
1507,360.96
1508,355.35
1509,410.09
1510,354.96
1511,336.85
1512,296.01
1513,347.56
1514,333.14
1515,350.58
1516,347.66
1517,370.78
1518,349.64
1519,335.67
1520,346.51
1521,340.84
1522,345.60
1523,357.49
1524,412.25
1525,326.97
1526,337.35
1527,353.87
1528,339.27
1529,349.35
1530,332.75
1531,327.08
1532,339.44
1533,349.63
1534,343.57
1535,361.31
1536,313.78
1537,330.27
1538,343.60
1539,357.91
1540,338.91
1541,326.78
1542,308.24
1543,301.24
1544,344.42
1545,305.96
1546,309.66
1547,342.03
1548,334.22
1549,340.77
1550,337.55
1551,344.51
1552,344.61
1553,354.69
1554,361.45
1555,341.23
1556,349.16
1557,352.19
1558,337.26
1559,347.07
1560,357.86
1561,414.76
1562,348.94
1563,340.69
1564,329.04
1565,404.86
1566,362.75
1567,351.85
1568,403.27
1569,350.62
1570,334.03
1571,339.58
1572,316.02
1573,287.27
1574,218.69
1575,319.14
1576,343.38
1577,400.24
1578,297.63
1579,310.98
1580,339.34
1581,350.99
1582,345.82
1583,333.72
1584,319.16
1585,322.84
1586,331.74
1587,317.09
1588,330.63
1589,347.17
1590,322.40
1591,337.68
1592,331.61
1593,343.14
1594,339.73
1595,398.93
1596,346.14
1597,327.89
1598,345.17
1599,338.01
1600,349.11
1601,356.07
1602,392.53
1603,353.09
1604,347.44
1605,301.66
1606,331.81
1607,396.07
1608,344.03
1609,341.22
1610,333.82
1611,342.17
1612,345.10
1613,359.93
1614,341.18
1615,345.53
1616,329.51
1617,341.66
1618,346.07
1619,350.89
1620,326.52
1621,339.88
1622,336.36
1623,292.10
1624,324.63
1625,350.01
1626,393.07
1627,356.39
1628,337.37
1629,316.76
1630,311.31
1631,349.28
1632,331.63
1633,343.86
1634,385.42
1635,338.79
1636,350.37
1637,344.09
1638,312.50
1639,351.60
1640,352.92
1641,305.80
1642,331.53
1643,346.58
1644,342.17
1645,330.73
1646,405.15
1647,319.21
1648,333.83
1649,357.16
1650,344.35
1651,404.22
1652,326.96
1653,337.54
1654,355.30
1655,347.14
1656,356.48
1657,359.88
1658,334.54
1659,356.95
1660,326.01
1661,334.82
1662,319.09
1663,322.80
1664,355.10
1665,351.21
1666,325.94
1667,322.52
1668,332.06
1669,352.30
1670,331.15
1671,342.58
1672,332.01
1673,342.23
1674,313.25
1675,320.38
1676,301.57
1677,320.10
1678,304.66
1679,301.93
1680,332.07
1681,350.74
1682,322.51
1683,333.80
1684,331.47
1685,343.57
1686,341.39
1687,314.02
1688,343.60
1689,298.17
1690,332.65
1691,303.57
1692,322.53
1693,335.63
1694,295.72
1695,308.44
1696,350.77
1697,334.84
1698,348.66
1699,327.21
1700,339.39
1701,342.82
1702,342.13
1703,352.85
1704,328.87
1705,341.66
1706,347.86
1707,329.20
1708,354.40
1709,335.99
1710,344.61
1711,336.24
1712,344.01
1713,399.30
1714,353.97
1715,290.88
1716,322.38
1717,343.44
1718,386.79
1719,407.76
1720,312.44
1721,350.10
1722,347.46
1723,336.06
1724,311.26
1725,334.78
1726,312.66
1727,325.02
1728,345.89
1729,360.71
1730,322.77
1731,327.76
1732,378.77
1733,341.53
1734,343.56
1735,347.39
1736,395.74
1737,343.87
1738,346.89
1739,397.49
1740,326.83
1741,406.64
1742,345.41
1743,224.17
1744,312.36
1745,324.11
1746,392.09
1747,330.08
1748,334.02
1749,354.18
1750,397.57
1751,355.30
1752,344.26
1753,340.10
1754,346.13
1755,330.34
1756,347.37
1757,378.52
1758,294.59
1759,309.37
1760,322.75
1761,325.74
1762,357.69
1763,314.23
1764,334.48
1765,349.44
1766,361.51
1767,313.30
1768,318.11
1769,331.73
1770,406.29
1771,347.32
1772,298.35
1773,328.34
1774,348.55
1775,332.78
1776,350.72
1777,391.04
1778,338.98
1779,348.50
1780,403.34
1781,299.78
1782,331.21
1783,336.26
1784,324.01
1785,354.37
1786,412.71
1787,357.97
1788,323.83
1789,301.34
1790,332.02
1791,292.34
1792,379.64
1793,350.74
1794,418.97
1795,339.26
1796,390.26
1797,403.18
1798,430.89
1799,416.82
1800,360.40
1801,403.53
1802,386.40
1803,357.08
1804,414.44
1805,353.64
1806,382.03
1807,323.42
1808,306.81
1809,397.83
1810,398.39
1811,358.19
1812,339.37
1813,323.17
1814,324.55
1815,417.73
1816,348.58
1817,381.56
1818,333.60
1819,357.83
1820,387.73
1821,361.53
1822,414.97
1823,350.67
1824,408.28
1825,355.68
1826,397.39
1827,399.62
1828,354.98
1829,287.96
1830,352.36
1831,408.06
1832,409.50
1833,419.82
1834,417.55
1835,422.64
1836,320.20
1837,389.23
1838,357.23
1839,400.79
1840,415.39
1841,415.04
1842,309.64
1843,354.38
1844,353.28
1845,416.16
1846,415.30
1847,325.70
1848,356.20
1849,339.54
1850,364.19
1851,347.73
1852,408.71
1853,347.36
1854,409.06
1855,361.06
1856,371.75
1857,326.57
1858,355.95
1859,366.09
1860,332.24
1861,356.62
1862,343.58
1863,395.81
1864,341.78
1865,395.37
1866,323.56
1867,307.27
1868,331.10
1869,291.65
1870,331.94
1871,319.71
1872,356.49
1873,399.07
1874,359.43
1875,376.97
1876,399.28
1877,427.64
1878,350.36
1879,417.55
1880,349.92
1881,393.31
1882,387.85
1883,406.90
1884,401.62
1885,402.37
1886,338.16
1887,409.57
1888,408.55
1889,356.11
1890,387.76
1891,416.96
1892,357.81
1893,401.27
1894,419.30
1895,359.32
1896,400.93
1897,341.06
1898,392.73
1899,330.41
1900,402.01
1901,433.22
1902,408.10
1903,415.42
1904,381.62
1905,348.57
1906,378.32
1907,372.98
1908,340.10
1909,396.73
1910,419.32
1911,381.24
1912,393.82
1913,397.52
1914,414.58
1915,414.44
1916,382.38
1917,375.36
1918,396.48
1919,399.28
1920,402.19
1921,403.39
1922,395.44
1923,389.57
1924,332.93
1925,228.52
1926,392.83
1927,406.75
1928,361.85
1929,421.71
1930,349.36
1931,385.43
1932,413.94
1933,417.28
1934,352.68
1935,412.10
1936,334.34
1937,410.59
1938,352.52
1939,411.67
1940,431.63
1941,400.79
1942,420.33
1943,421.23
1944,423.14
1945,433.43
1946,426.66
1947,420.73
1948,423.32
1949,395.71
1950,403.06
1951,395.38
1952,399.19
1953,407.83
1954,393.55
1955,417.92
1956,434.35
1957,432.15
1958,413.92
1959,408.33
1960,412.44
1961,417.12
1962,411.44
1963,398.76
1964,397.98
1965,425.31
1966,415.33
1967,391.17
1968,341.85
1969,388.82
1970,353.97
1971,425.99
1972,409.60
1973,309.02
1974,323.92
1975,402.56
1976,349.92
1977,396.98
1978,418.65
1979,354.69
1980,358.31
1981,404.71
1982,440.57
1983,393.62
1984,417.21
1985,409.40
1986,327.03
1987,310.67
1988,347.36
1989,347.84
1990,336.48
1991,352.56
1992,344.92
1993,347.20
1994,353.81
1995,353.51
1996,370.10
1997,300.21
1998,342.84
1999,392.59
2000,396.21
2001,391.60
2002,420.79
2003,420.75
2004,409.08
2005,408.76
2006,417.36
2007,400.64
2008,402.61
2009,400.67
2010,412.78
2011,411.78
2012,415.90
2013,409.45
2014,393.53
2015,420.27
2016,328.30
2017,419.80
2018,428.52
2019,410.80
2020,424.61
2021,354.51
2022,431.15
2023,421.05
2024,432.38
2025,430.18
2026,394.85
2027,415.20
2028,404.51
2029,396.31
2030,419.04
2031,400.63
2032,421.78
2033,406.26
2034,416.16
2035,419.76
2036,413.57
2037,424.92
2038,414.59
2039,397.06
2040,370.10
2041,372.49
2042,372.90
2043,408.76
2044,414.08
2045,398.93
2046,384.59
2047,400.03
2048,401.62
2049,399.09
2050,401.17
2051,406.29
2052,417.12
2053,400.51
2054,389.39
2055,401.82
2056,402.35
2057,404.30
2058,418.46
2059,419.15
2060,386.15
2061,405.89
2062,380.14
2063,409.67
2064,411.81
2065,407.40
2066,420.13
2067,419.75
2068,398.87
2069,408.85
2070,390.46
2071,413.86
2072,406.50
2073,387.75
2074,408.83
2075,397.41
2076,400.50
2077,396.15
2078,374.21
2079,354.75
2080,409.05
2081,410.91
2082,410.49
2083,417.47
2084,417.01
2085,422.23
2086,416.75
2087,413.24
2088,404.71
2089,407.81
2090,363.79
2091,413.98
2092,409.22
2093,411.51
2094,415.47
2095,399.49
2096,403.37
2097,409.79
2098,388.50
2099,387.49
2100,390.69
2101,414.99
2102,393.56
2103,292.01
2104,98.72
2105,143.19
2106,73.55
2107,19.58
2108,19.90
2109,32.13
2110,30.35
2111,35.60
2112,26.97
2113,19.69
2114,36.42
2115,39.41
2116,35.02
2117,25.04
2118,32.99
2119,47.32
2120,46.99
2121,91.36
2122,24.79
2123,20.89
2124,14.35
2125,22.89
2126,20.43
2127,23.25
2128,21.72
2129,20.07
2130,37.01
2131,25.32
2132,20.78
2133,19.57
2134,24.45
2135,53.22
2136,22.35
2137,11.14
2138,11.00
2139,11.42
2140,11.25
2141,38.70
2142,45.74
2143,23.92
2144,22.71
2145,16.58
2146,24.46
2147,27.54
2148,20.45
2149,20.89
2150,23.43
2151,20.93
2152,19.60
2153,32.08
2154,26.80
2155,24.29
2156,25.23
2157,27.09
2158,25.81
2159,32.58
2160,27.70
2161,32.35
2162,27.14
2163,26.06
2164,25.15
2165,18.97
2166,23.51
2167,26.18
2168,27.98
2169,23.57
2170,26.77
2171,32.73
2172,25.67
2173,30.28
2174,25.22
2175,29.56
2176,28.45
2177,62.68
2178,29.09
2179,14.84
2180,10.25
2181,7.45
2182,11.42
2183,16.41
2184,12.06
2185,10.11
2186,14.40
2187,16.68
2188,15.51
2189,11.88
2190,16.34
2191,11.26
2192,17.05
2193,132.90
2194,86.77
2195,53.79
2196,99.95
2197,65.28
2198,42.10
2199,123.75
2200,87.39
2201,95.49
2202,96.20
2203,107.74
2204,86.53
2205,89.26
2206,89.90
2207,85.51
2208,92.85
2209,90.43
2210,86.24
2211,91.79
2212,62.27
2213,39.31
2214,132.02
2215,81.95
2216,87.71
2217,92.43
2218,104.35
2219,99.79
2220,91.54
2221,90.22
2222,89.16
2223,90.11
2224,86.87
2225,89.77
2226,91.68
2227,88.07
2228,22.30
2229,8.05
2230,15.34
2231,110.60
2232,84.79
2233,80.84
2234,93.75
2235,86.21
2236,85.47
2237,90.41
2238,81.23
2239,23.20
2240,22.31
2241,97.86
2242,23.95
2243,52.08
2244,121.55
2245,25.89
2246,45.53
2247,119.40
2248,26.60
2249,53.85
2250,144.08
2251,25.49
2252,86.33
2253,179.88
2254,26.43
2255,76.82
2256,180.44
2257,29.66
2258,55.63
2259,138.01
2260,26.92
2261,78.15
2262,176.27
2263,23.84
2264,50.11
2265,106.70
2266,18.88
2267,59.64
2268,161.74
2269,36.03
2270,58.29
2271,134.46
2272,29.50
2273,68.80
2274,203.21
2275,27.19
2276,47.76
2277,124.50
2278,32.00
2279,59.51
2280,138.69
2281,27.26
2282,69.15
2283,193.26
2284,24.64
2285,65.92
2286,133.48
2287,27.78
2288,93.54
2289,220.14
2290,30.01
2291,58.44
2292,134.72
2293,27.22
2294,65.83
2295,176.41
2296,28.24
2297,74.17
2298,162.79
2299,33.13
2300,55.74
2301,151.04
2302,28.82
2303,48.40
2304,131.40
2305,24.34
2306,86.73
2307,196.18
2308,32.13
2309,48.22
2310,174.59
2311,28.14
2312,46.82
2313,118.57
2314,31.14
2315,48.89
2316,105.66
2317,18.88
2318,45.56
2319,127.51
2320,29.06
2321,48.28
2322,122.28
2323,27.85
2324,52.41
2325,105.76
2326,31.96
2327,45.42
2328,151.23
2329,28.99
2330,46.23
2331,138.10
2332,50.73
2333,66.17
2334,141.76
2335,30.58
2336,47.20
2337,166.87
2338,30.16
2339,56.68
2340,185.78
2341,31.98
2342,52.18
2343,178.49
2344,29.60
2345,54.53
2346,146.72
2347,49.76
2348,85.21
2349,199.08
2350,29.59
2351,52.26
2352,135.49
2353,27.86
2354,55.70
2355,156.31
2356,35.88
2357,63.91
2358,144.24
2359,41.36
2360,60.96
2361,155.07
2362,35.57
2363,66.93
2364,145.24
2365,41.39
2366,64.00
2367,170.70
2368,33.32
2369,69.94
2370,148.82
2371,12.97
2372,60.17
2373,116.76
2374,12.33
2375,45.25
2376,87.92
2377,10.35
2378,75.38
2379,181.08
2380,32.53
2381,49.95
2382,143.57
2383,161.85
2384,352.96
2385,40.40
2386,45.78
2387,133.18
2388,26.38
2389,64.17
2390,209.07
2391,32.98
2392,57.28
2393,148.25
2394,38.17
2395,68.12
2396,158.30
2397,87.58
2398,341.54
2399,259.79
2400,166.74
2401,313.78
2402,82.68
2403,312.01
2404,348.78
2405,358.50
2406,373.04
2407,362.06
2408,308.75
2409,321.97
2410,335.73
2411,397.50
2412,320.44
2413,310.18
2414,291.55
2415,347.89
2416,318.50
2417,246.43
2418,288.94
2419,308.68
2420,350.37
2421,324.70
2422,282.48
2423,248.08
2424,233.42
2425,243.61
2426,325.12
2427,317.42
2428,287.97
2429,280.18
2430,324.57
2431,349.10
2432,293.52
2433,340.65
2434,341.61
2435,321.79
2436,317.18
2437,277.62
2438,185.28
2439,237.58
2440,327.83
2441,286.87
2442,344.58
2443,368.51
2444,300.52
2445,289.08
2446,294.53
2447,331.61
2448,328.72
2449,364.07
2450,331.41
2451,349.32
2452,301.34
2453,309.19
2454,342.98
2455,362.98
2456,342.29
2457,331.48
2458,311.46
2459,317.38
2460,324.52
2461,292.24
2462,342.74
2463,303.39
2464,320.40
2465,326.34
2466,330.23
2467,317.98
2468,364.51
2469,374.78
2470,334.93
2471,337.91
2472,325.13
2473,339.10
2474,332.73
2475,368.92
2476,355.92
2477,341.34
2478,338.75
2479,322.31
2480,334.31
2481,344.82
2482,365.16
2483,360.35
2484,358.00
2485,350.36
2486,354.86
2487,292.66
2488,264.01
2489,256.68
2490,268.28
2491,328.13
2492,319.75
2493,304.28
2494,266.27
2495,314.69
2496,333.38
2497,364.13
2498,367.97
2499,342.43
2500,364.63
2501,330.01
2502,339.40
2503,353.82
2504,326.08
2505,338.39
2506,342.83
2507,367.03
2508,397.35
2509,370.36
2510,277.74
2511,369.80
2512,390.40
2513,348.60
2514,290.43
2515,307.96
2516,389.99
2517,409.08
2518,300.65
2519,423.35
2520,393.65
2521,338.78
2522,401.43
2523,408.20
2524,403.54
2525,395.46
2526,348.08
2527,374.42
2528,357.69
2529,394.38
2530,386.35
2531,376.34
2532,383.27
2533,406.80
2534,431.22
2535,421.71
2536,359.71
2537,371.58
2538,341.88
2539,367.08
2540,377.00
2541,379.33
2542,396.07
2543,354.87
2544,415.45
2545,345.42
2546,424.34
2547,394.84
2548,410.16
2549,354.85
2550,323.58
2551,401.98
2552,404.74
2553,342.37
2554,329.70
2555,393.56
2556,391.77
2557,356.58
2558,393.45
2559,399.11
2560,415.35
2561,415.49
2562,393.56
2563,404.83
2564,354.51
2565,323.52
2566,320.92
2567,332.79
2568,409.94
2569,383.85
2570,354.96
2571,305.56
2572,337.97
2573,351.74
2574,380.55
2575,421.69
2576,372.40
2577,407.22
2578,408.28
2579,356.35
2580,410.41
2581,397.39
2582,358.74
2583,385.82
2584,408.76
2585,360.22
2586,400.96
2587,436.59
2588,413.17
2589,418.85
2590,443.01
2591,394.04
2592,364.33
2593,389.03
2594,381.58
2595,374.74
2596,341.60
2597,432.75
2598,416.32
2599,421.94
2600,403.50
2601,314.09
2602,364.80
2603,362.04
2604,377.15
2605,355.06
2606,362.23
2607,308.06
2608,326.41
2609,374.45
2610,395.55
2611,383.48
2612,423.59
2613,420.86
2614,397.95
2615,391.97
2616,414.78
2617,415.18
2618,368.88
2619,419.13
2620,340.23
2621,360.84
2622,386.27
2623,398.82
2624,411.39
2625,404.48
2626,350.67
2627,392.17
2628,376.04
2629,401.83
2630,404.45
2631,419.94
2632,358.99
2633,381.69
2634,414.80
2635,408.33
2636,372.12
2637,379.51
2638,336.10
2639,378.73
2640,357.21
2641,367.15
2642,415.77
2643,404.42
2644,424.25
2645,414.13
2646,417.40
2647,337.52
2648,371.90
2649,374.84
2650,383.36
2651,355.80
2652,342.94
2653,429.70
2654,372.02
2655,385.24
2656,383.33
2657,401.57
2658,313.49
2659,322.30
2660,327.09
2661,390.99
2662,415.21
2663,402.40
2664,386.09
2665,361.06
2666,334.77
2667,360.97
2668,345.05
2669,323.92
2670,363.12
2671,377.37
2672,382.89
2673,309.07
2674,333.38
2675,369.82
2676,329.72
2677,325.59
2678,298.10
2679,356.77
2680,363.40
2681,339.49
2682,300.18
2683,342.81
2684,339.62
2685,322.57
2686,345.42
2687,224.22
2688,255.49
2689,291.60
2690,312.45
2691,325.87
2692,342.27
2693,340.79
2694,227.21
2695,344.00
2696,333.44
2697,327.13
2698,329.75
2699,350.98
2700,342.40
2701,318.64
2702,289.95
2703,298.37
2704,331.63
2705,301.58
2706,346.02
2707,358.38
2708,361.78
2709,287.03
2710,347.89
2711,325.14
2712,366.09
2713,297.29
2714,272.00
2715,262.12
2716,352.09
2717,301.47
2718,336.58
2719,357.92
2720,349.55
2721,339.89
2722,355.63
2723,306.86
2724,285.69
2725,292.04
2726,322.52
2727,324.59
2728,301.19
2729,315.31
2730,308.17
2731,293.08
2732,355.64
2733,358.27
2734,342.97
2735,334.34
2736,311.61
2737,315.06
2738,367.69
2739,362.46
2740,363.64
2741,329.85
2742,336.67
2743,330.59
2744,349.24
2745,337.05
2746,264.29
2747,268.97
2748,366.97
2749,344.93
2750,302.30
2751,319.98
2752,342.01
2753,337.96
2754,341.44
2755,331.25
2756,319.99
2757,345.26
2758,334.71
2759,403.98
2760,354.64
2761,375.43
2762,347.90
2763,328.81
2764,366.54
2765,376.27
2766,368.41
2767,361.73
2768,332.01
2769,328.39
2770,334.86
2771,359.21
2772,406.31
2773,363.78
2774,291.82
2775,332.97
2776,419.48
2777,420.27
2778,358.45
2779,395.60
2780,335.73
2781,320.10
2782,343.99
2783,293.88
2784,322.32
2785,326.03
2786,354.41
2787,391.18
2788,389.14
2789,416.01
2790,348.20
2791,367.85
2792,360.04
2793,414.87
2794,395.41
2795,367.09
2796,341.44
2797,353.66
2798,340.33
2799,355.90
2800,415.89
2801,351.38
2802,380.14
2803,305.95
2804,280.84
2805,379.26
2806,349.27
2807,388.32
2808,326.22
2809,421.87
2810,428.23
2811,411.74
2812,359.01
2813,348.54
2814,355.08
2815,367.31
2816,339.27
2817,319.49
2818,353.83
2819,399.73
2820,417.15
2821,366.50
2822,371.72
2823,365.95
2824,364.95
2825,358.76
2826,388.70
2827,356.88
2828,397.69
2829,384.44
2830,399.07
2831,423.32
2832,431.15
2833,388.79
2834,411.42
2835,408.36
2836,413.29
2837,408.48
2838,382.60
2839,414.51
2840,391.82
2841,386.98
2842,375.05
2843,340.23
2844,351.16
2845,373.16
2846,390.66
2847,370.05
2848,364.01
2849,384.38
2850,387.87
2851,381.11
2852,338.03
2853,363.17
2854,416.32
2855,395.82
2856,410.68
2857,412.90
2858,315.95
2859,373.23
2860,356.11
2861,396.46
2862,424.27
2863,428.54
2864,433.99
2865,421.71
2866,408.35
2867,367.58
2868,398.41
2869,374.71
2870,221.98
2871,359.03
2872,369.63
2873,363.31
2874,372.27
2875,385.08
2876,335.95
2877,316.68
2878,392.68
2879,406.57
2880,413.05
2881,418.74
2882,422.14
2883,415.06
2884,343.22
2885,292.85
2886,399.20
2887,425.91
2888,361.46
2889,372.81
2890,394.55
2891,355.25
2892,416.77
2893,383.76
2894,414.94
2895,309.73
2896,385.64
2897,395.82
2898,388.36
2899,388.37
2900,318.55
2901,334.25
2902,363.79
2903,417.90
2904,420.12
2905,437.20
2906,406.08
2907,362.33
2908,390.17
2909,360.41
2910,361.93
2911,376.26
2912,392.40
2913,411.69
2914,405.91
2915,367.67
2916,345.60
2917,380.68
2918,348.87
2919,377.59
2920,387.16
2921,405.84
2922,392.97
2923,420.17
2924,429.70
2925,416.11
2926,425.66
2927,369.89
2928,383.19
2929,348.57
2930,410.02
2931,394.74
2932,367.66
2933,408.01
2934,361.48
2935,327.09
2936,362.24
2937,383.39
2938,400.85
2939,412.01
2940,387.33
2941,419.38
2942,445.51
2943,381.02
2944,396.87
2945,402.12
2946,382.97
2947,325.43
2948,365.54
2949,352.88
2950,348.04
2951,413.38
2952,384.96
2953,334.26
2954,350.68
2955,380.91
2956,354.89
2957,397.85
2958,395.95
2959,361.32
2960,360.11
2961,336.76
2962,360.93
2963,400.87
2964,350.15
2965,396.78
2966,407.95
2967,325.95
2968,327.43
2969,361.80
2970,315.63
2971,400.11
2972,387.28
2973,398.17
2974,382.00
2975,343.84
2976,386.28
2977,394.73
2978,413.33
2979,349.66
2980,367.08
2981,373.36
2982,417.75
2983,363.07
2984,382.83
2985,357.40
2986,379.28
2987,331.98
2988,350.89
2989,373.09
2990,342.35
2991,335.05
2992,315.47
2993,272.41
2994,322.24
2995,327.00
2996,349.54
2997,365.91
2998,310.42
2999,339.36
3000,345.76
3001,302.94
3002,241.56
3003,265.64
3004,348.92
3005,323.79
3006,375.22
3007,328.54
3008,306.27
3009,308.61
3010,357.22
3011,325.45
3012,272.66
3013,318.63
3014,285.13
3015,348.36
3016,322.96
3017,353.94
3018,346.48
3019,350.93
3020,321.31
3021,329.57
3022,329.54
3023,343.84
3024,323.33
3025,309.77
3026,332.34
3027,338.71
3028,339.97
3029,361.81
3030,314.34
3031,349.80
3032,327.64
3033,336.51
3034,326.56
3035,293.81
3036,345.16
3037,354.35
3038,366.49
3039,345.97
3040,360.17
3041,352.65
3042,291.73
3043,307.04
3044,329.39
3045,363.50
3046,394.06
3047,376.04
3048,420.22
3049,438.92
3050,274.85
3051,413.43
3052,385.62
3053,380.85
3054,367.38
3055,354.61
3056,326.96
3057,347.43
3058,357.22
3059,356.04
3060,302.83
3061,337.14
3062,345.03
3063,353.34
3064,283.88
3065,263.41
3066,347.85
3067,372.12
3068,345.60
3069,365.14
3070,348.41
3071,375.63
3072,349.17
3073,329.39
3074,331.33
3075,337.48
3076,362.80
3077,346.02
3078,317.20
3079,312.05
3080,316.69
3081,334.94
3082,359.69
3083,319.72
3084,311.80
3085,367.86
3086,351.01
3087,357.30
3088,283.17
3089,285.74
3090,298.13
3091,348.37
3092,338.10
3093,289.92
3094,306.40
3095,295.13
3096,350.13
3097,357.87
3098,362.98
3099,360.72
3100,350.46
3101,396.73
3102,295.69
3103,228.11
3104,319.13
3105,321.75
3106,368.94
3107,317.45
3108,311.49
3109,353.73
3110,361.95
3111,311.45
3112,330.99
3113,330.76
3114,284.94
3115,343.89
3116,376.95
3117,392.25
3118,387.36
3119,366.82
3120,344.55
3121,407.80
3122,421.62
3123,370.08
3124,381.81
3125,338.48
3126,363.99
3127,323.80
3128,281.75
3129,384.53
3130,318.50
3131,321.71
3132,337.92
3133,303.70
3134,320.64
3135,308.38
3136,298.70
3137,319.57
3138,285.02
3139,377.36
3140,338.05
3141,342.53
3142,352.86
3143,378.77
3144,388.52
3145,429.30
3146,391.79
3147,360.27
3148,412.41
3149,429.65
3150,393.84
3151,370.81
3152,377.17
3153,387.00
3154,397.91
3155,438.56
3156,429.53
3157,424.54
3158,369.64
3159,373.64
3160,356.98
3161,385.18
3162,404.92
3163,341.24
3164,275.18
3165,303.51
3166,311.00
3167,336.34
3168,401.16
3169,348.49
3170,372.59
3171,339.52
3172,381.87
3173,399.01
3174,351.03
3175,368.62
3176,243.11
3177,358.13
3178,304.68
3179,395.41
3180,414.40
3181,340.84
3182,354.72
3183,421.67
3184,353.25
3185,406.59
3186,401.83
3187,374.80
3188,414.68
3189,375.59
3190,381.23
3191,312.53
3192,280.64
3193,261.45
3194,322.36
3195,312.78
3196,371.21
3197,367.84
3198,398.50
3199,393.35
3200,333.76
3201,307.43
3202,296.89
3203,382.34
3204,366.37
3205,347.46
3206,360.67
3207,302.20
3208,400.21
3209,365.47
3210,430.66
3211,405.66
3212,368.68
3213,272.41
3214,377.37
3215,410.66
3216,410.96
3217,405.79
3218,353.59
3219,424.41
3220,355.44
3221,413.27
3222,409.30
3223,418.15
3224,278.06
3225,414.71
3226,376.24
3227,376.65
3228,342.20
3229,380.58
3230,402.27
3231,374.83
3232,422.46
3233,382.25
3234,440.33
3235,414.75
3236,385.18
3237,386.64
3238,353.66
3239,395.76
3240,397.50
3241,408.30
3242,386.22
3243,349.66
3244,356.00
3245,376.01
3246,397.23
3247,365.15
3248,310.61
3249,304.92
3250,329.47
3251,346.84
3252,346.67
3253,337.20
3254,322.06
3255,314.48
3256,349.70
3257,421.80
3258,406.22
3259,373.69
3260,337.50
3261,383.33
3262,406.19
3263,430.83
3264,417.76
3265,429.70
3266,375.67
3267,406.98
3268,409.13
3269,409.57
3270,411.03
3271,405.89
3272,418.58
3273,390.60
3274,345.02
3275,365.08
3276,367.26
3277,360.71
3278,428.98
3279,404.73
3280,409.92
3281,416.51
3282,406.42
3283,330.80
3284,331.01
3285,359.23
3286,384.62
3287,406.70
3288,412.90
3289,424.67
3290,428.23
3291,385.49
3292,376.35
3293,436.55
3294,395.77
3295,344.63
3296,351.52
3297,349.98
3298,404.42
3299,344.06
3300,400.16
3301,369.77
3302,335.82
3303,357.39
3304,345.75
3305,348.68
3306,369.62
3307,333.02
3308,325.68
3309,375.67
3310,399.89
3311,380.58
3312,379.51
3313,416.23
3314,389.91
3315,343.78
3316,334.09
3317,367.42
3318,412.24
3319,387.79
3320,377.92
3321,397.52
3322,362.78
3323,369.99
3324,394.23
3325,412.13
3326,410.76
3327,369.75
3328,321.08
3329,369.06
3330,346.84
3331,416.82
3332,403.29
3333,365.72
3334,416.70
3335,407.30
3336,405.58
3337,427.29
3338,352.21
3339,373.62
3340,344.07
3341,351.78
3342,398.60
3343,417.76
3344,412.59
3345,386.70
3346,391.74
3347,360.41
3348,372.98
3349,417.31
3350,426.51
3351,315.55
3352,363.82
3353,357.46
3354,362.17
3355,367.57
3356,373.13
3357,352.88
3358,390.98
3359,412.66
3360,437.01
3361,432.15
3362,449.38
3363,357.21
3364,410.85
3365,436.93
3366,382.61
3367,377.57
3368,430.39
3369,349.09
3370,349.24
3371,328.87
3372,399.06
3373,407.08
3374,410.29
3375,391.66
3376,418.69
3377,427.46
3378,436.09
3379,426.53
3380,419.96
3381,418.09
3382,401.03
3383,374.70
3384,413.77
3385,406.78
3386,439.56
3387,451.20
3388,429.48
3389,398.07
3390,376.51
3391,375.73
3392,321.15
3393,352.36
3394,381.97
3395,427.94
3396,402.72
3397,398.53
3398,413.22
3399,345.48
3400,345.65
3401,346.02
3402,414.29
3403,373.44
3404,395.91
3405,366.80
3406,432.30
3407,413.39
3408,410.11
3409,337.19
3410,372.52
3411,364.98
3412,316.65
3413,374.66
3414,404.04
3415,225.74
3416,327.97
3417,323.23
3418,363.54
3419,417.62
3420,417.47
3421,414.34
3422,411.67
3423,360.53
3424,374.69
3425,388.74
3426,412.61
3427,378.37
3428,367.04
3429,340.55
3430,332.71
3431,426.64
3432,346.20
3433,362.69
3434,333.13
3435,342.70
3436,314.74
3437,336.06
3438,347.74
3439,321.22
3440,302.17
3441,354.96
3442,401.43
3443,382.67
3444,409.18
3445,386.79
3446,419.52
3447,427.51
3448,432.06
3449,414.61
3450,434.24
3451,435.86
3452,412.32
3453,399.41
3454,356.53
3455,400.14
3456,383.41
3457,360.56
3458,285.92
3459,295.53
3460,366.94
3461,381.93
3462,347.15
3463,381.39
3464,404.73
3465,381.05
3466,316.64
3467,359.23
3468,346.77
3469,404.37
3470,405.78
3471,408.40
3472,418.59
3473,415.97
3474,375.84
3475,380.50
3476,300.16
3477,291.41
3478,376.55
3479,389.67
3480,382.07
3481,373.73
3482,366.02
3483,376.41
3484,371.86
3485,368.35
3486,434.54
3487,391.62
3488,383.19
3489,398.61
3490,399.19
3491,339.60
3492,387.36
3493,313.34
3494,368.05
3495,366.03
3496,391.94
3497,373.55
3498,318.24
3499,362.25
3500,400.90
3501,418.66
3502,382.61
3503,379.10
3504,329.59
3505,285.36
3506,347.52
3507,353.98
3508,313.96
3509,308.77
3510,367.90
3511,378.24
3512,394.41
3513,399.50
3514,420.24
3515,348.01
3516,436.55
3517,426.06
3518,382.88
3519,437.50
3520,437.29
3521,394.03
3522,374.43
3523,412.56
3524,432.84
3525,394.49
3526,413.81
3527,324.54
3528,388.89
3529,312.97
3530,386.28
3531,395.77
3532,401.54
3533,391.67
3534,421.57
3535,405.45
3536,359.11
3537,330.51
3538,276.92
3539,357.26
3540,380.27
3541,403.91
3542,399.95
3543,425.88
3544,412.44
3545,408.26
3546,364.39
3547,349.42
3548,386.00
3549,382.06
3550,368.84
3551,343.78
3552,303.93
3553,343.11
3554,361.69
3555,378.24
3556,325.27
3557,378.87
3558,382.45
3559,393.92
3560,374.90
3561,387.66
3562,400.64
3563,403.24
3564,397.79
3565,393.00
3566,321.54
3567,357.90
3568,364.58
3569,378.80
3570,332.59
3571,362.16
3572,370.32
3573,390.64
3574,372.08
3575,373.36
3576,323.00
3577,347.51
3578,372.47
3579,377.27
3580,392.74
3581,382.22
3582,211.32
3583,247.98
3584,342.47
3585,390.05
3586,379.05
3587,397.50
3588,347.32
3589,376.51
3590,348.17
3591,356.43
3592,304.45
3593,413.96
3594,387.21
3595,420.54
3596,368.37
3597,365.34
3598,386.13
3599,238.33
3600,269.83
3601,306.94
3602,364.36
3603,417.96
3604,348.50
3605,395.27
3606,365.54
3607,302.00
3608,327.34
3609,332.90
3610,324.08
3611,364.07
3612,346.19
3613,417.19
3614,364.34
3615,416.09
3616,305.92
3617,338.91
3618,268.12
3619,303.59
3620,325.15
3621,285.81
3622,359.82
3623,299.12
3624,356.23
3625,410.54
3626,347.05
3627,352.75
3628,351.23
3629,413.31
3630,339.99
3631,334.58
3632,292.61
3633,399.74
3634,305.07
3635,307.27
3636,307.15
3637,318.66
3638,317.98
3639,349.61
3640,303.04
3641,307.11
3642,321.12
3643,289.64
3644,345.50
3645,341.51
3646,398.25
3647,322.07
3648,351.91
3649,348.49
3650,311.53
3651,349.87
3652,306.92
3653,321.71
3654,349.24
3655,353.33
3656,335.54
3657,332.02
3658,311.47
3659,336.77
3660,294.65
3661,340.88
3662,317.32
3663,314.83
3664,318.49
3665,289.59
3666,149.93
3667,280.95
3668,310.45
3669,381.21
3670,315.66
3671,337.37
3672,255.36
3673,281.89
3674,335.90
3675,336.38
3676,300.53
3677,278.13
3678,286.33
3679,327.02
3680,273.57
3681,310.61
3682,329.93
3683,352.32
3684,355.40
3685,277.76
3686,288.23
3687,292.50
3688,391.36
3689,325.20
3690,304.58
3691,367.69
3692,341.95
3693,341.36
3694,327.99
3695,326.19
3696,336.24
3697,345.24
3698,361.44
3699,313.44
3700,311.01
3701,354.64
3702,314.46
3703,357.03
3704,303.90
3705,321.42
3706,373.61
3707,313.50
3708,320.06
3709,287.75
3710,306.38
3711,331.66
3712,286.03
3713,326.64
3714,279.99
3715,271.61
3716,291.36
3717,325.23
3718,336.37
3719,347.35
3720,384.26
3721,337.97
3722,345.11
3723,322.32
3724,319.97
3725,351.67
3726,398.17
3727,312.64
3728,300.16
3729,328.52
3730,357.90
3731,336.29
3732,388.89
3733,344.82
3734,314.87
3735,281.29
3736,360.31
3737,342.86
3738,354.21
3739,397.13
3740,349.17
3741,360.80
3742,321.42
3743,309.00
3744,319.37
3745,303.10
3746,330.35
3747,349.49
3748,307.24
3749,353.14
3750,322.17
3751,357.36
3752,320.89
3753,326.35
3754,350.58
3755,343.44
3756,359.25
3757,336.85
3758,339.86
3759,391.04
3760,322.32
3761,368.68
3762,181.55
3763,302.86
3764,306.44
3765,312.36
3766,270.87
3767,307.38
3768,309.54
3769,350.24
3770,347.36
3771,308.65
3772,320.96
3773,352.60
3774,349.47
3775,314.81
3776,322.99
3777,335.63
3778,404.24
3779,416.53
3780,331.84
3781,319.26
3782,386.98
3783,329.06
3784,306.10
3785,312.46
3786,308.91
3787,350.52
3788,308.59
3789,297.15
3790,323.45
3791,352.06
3792,330.13
3793,342.27
3794,266.91
3795,348.29
3796,286.25
3797,309.32
3798,282.18
3799,300.44
3800,342.22
3801,359.63
3802,286.78
3803,296.16
3804,326.01
3805,339.04
3806,338.64
3807,341.24
3808,308.89
3809,319.14
3810,318.84
3811,373.62
3812,278.13
3813,302.45
3814,321.59
3815,358.09
3816,324.97
3817,332.51
3818,355.75
3819,347.57
3820,310.39
3821,313.63
3822,290.17
3823,351.90
3824,327.74
3825,378.29
3826,298.05
3827,301.23
3828,278.97
3829,273.09
3830,350.17
3831,346.58
3832,334.89
3833,343.84
3834,358.73
3835,303.13
3836,296.87
3837,309.86
3838,321.83
3839,324.88
3840,307.57
3841,296.25
3842,258.99
3843,297.83
3844,245.76
3845,365.18
3846,338.10
3847,344.32
3848,371.68
3849,343.15
3850,357.65
3851,333.14
3852,326.39
3853,333.00
3854,385.83
3855,323.71
3856,304.14
3857,274.31
3858,270.02
3859,316.56
3860,332.28
3861,297.19
3862,312.44
3863,325.87
3864,349.13
3865,385.95
3866,287.48
3867,396.15
3868,317.19
3869,348.10
3870,297.91
3871,278.85
3872,274.64
3873,293.85
3874,292.71
3875,397.38
3876,309.61
3877,323.76
3878,295.44
3879,420.75
3880,353.03
3881,307.29
3882,310.83
3883,341.67
3884,290.74
3885,353.07
3886,325.24
3887,327.39
3888,401.49
3889,352.35
3890,340.28
3891,295.63
3892,306.15
3893,297.62
3894,401.72
3895,336.02
3896,330.68
3897,371.35
3898,339.54
3899,310.49
3900,289.83
3901,277.67
3902,295.18
3903,318.98
3904,354.45
3905,300.26
3906,323.07
3907,314.78
3908,357.12
3909,296.95
3910,319.24
3911,329.62
3912,321.65
3913,403.63
3914,348.85
3915,347.07
3916,347.29
3917,339.94
3918,390.35
3919,349.94
3920,415.63
3921,290.97
3922,288.69
3923,307.32
3924,212.82
3925,322.64
3926,330.84
3927,376.92
3928,339.39
3929,355.67
3930,291.26
3931,341.48
3932,343.91
3933,306.78
3934,289.75
3935,325.57
3936,337.44
3937,353.13
3938,340.40
3939,291.10
3940,314.44
3941,322.03
3942,291.66
3943,344.27
3944,353.91
3945,334.48
3946,330.10
3947,301.92
3948,293.64
3949,309.36
3950,357.81
3951,348.50
3952,339.48
3953,336.69
3954,270.11
3955,296.04
3956,297.21
3957,344.70
3958,299.96
3959,329.16
3960,313.72
3961,309.62
3962,311.69
3963,315.92
3964,292.72
3965,337.30
3966,316.63
3967,267.49
3968,306.58
3969,302.62
3970,331.84
3971,346.80
3972,312.60
3973,363.56
3974,337.86
3975,316.06
3976,339.21
3977,337.28
3978,302.10
3979,315.05
3980,330.57
3981,343.07
3982,342.44
3983,345.88
3984,324.32
3985,314.75
3986,281.15
3987,290.32
3988,310.79
3989,328.88
3990,351.58
3991,321.78
3992,296.45
3993,304.24
3994,332.51
3995,397.90
3996,329.99
3997,267.11
3998,274.91
3999,322.67
4000,303.58
4001,295.69
4002,255.74
4003,295.77
4004,344.85
4005,317.13
4006,310.93
4007,368.96
4008,359.22
4009,420.77
4010,357.82
4011,342.72
4012,421.55
4013,276.50
4014,282.22
4015,325.25
4016,412.56
4017,340.96
4018,332.99
4019,390.70
4020,376.29
4021,342.37
4022,343.85
4023,375.66
4024,275.31
4025,328.21
4026,322.98
4027,409.30
4028,367.23
4029,405.27
4030,305.94
4031,328.78
4032,368.56
4033,406.11
4034,423.94
4035,324.49
4036,369.44
4037,307.78
4038,281.50
4039,251.79
4040,272.99
4041,340.23
4042,406.04
4043,422.67
4044,323.70
4045,301.21
4046,355.77
4047,314.26
4048,313.28
4049,359.60
4050,275.98
4051,307.32
4052,338.55
4053,387.19
4054,352.95
4055,401.96
4056,398.50
4057,349.10
4058,342.92
4059,354.30
4060,362.67
4061,310.35
4062,297.63
4063,362.44
4064,339.13
4065,334.85
4066,257.83
4067,275.44
4068,269.60
4069,301.34
4070,315.41
4071,303.96
4072,367.24
4073,329.95
4074,387.04
4075,396.10
4076,350.94
4077,394.82
4078,293.56
4079,342.70
4080,327.00
4081,396.70
4082,402.25
4083,390.08
4084,402.71
4085,341.68
4086,367.78
4087,307.53
4088,181.24
4089,323.63
4090,369.86
4091,307.64
4092,269.57
4093,295.39
4094,349.64
4095,331.75
4096,352.10
4097,370.25
4098,393.18
4099,399.79
4100,402.37
4101,376.69
4102,360.57
4103,301.27
4104,298.36
4105,321.02
4106,332.24
4107,394.26
4108,394.15
4109,410.98
4110,336.21
4111,372.15
4112,348.74
4113,365.86
4114,420.52
4115,366.95
4116,433.09
4117,399.51
4118,418.53
4119,424.86
4120,397.73
4121,407.98
4122,369.86
4123,396.12
4124,371.40
4125,311.68
4126,326.03
4127,414.08
4128,434.67
4129,333.72
4130,333.43
4131,372.07
4132,400.22
4133,309.79
4134,338.19
4135,110.23
4136,83.28
4137,77.17
4138,106.29
4139,106.60
4140,108.15
4141,103.72
4142,101.72
4143,101.59
4144,98.86
4145,25.27
4146,108.66
4147,126.55
4148,86.99
4149,97.20
4150,118.04
4151,100.41
4152,108.52
4153,107.40
4154,110.87
4155,102.06
4156,108.54
4157,96.47
4158,106.70
4159,96.74
4160,101.54
4161,105.35
4162,104.30
4163,98.10
4164,74.87
4165,38.87
4166,149.27
4167,92.95
4168,107.60
4169,121.81
4170,98.01
4171,101.38
4172,98.27
4173,111.84
4174,105.96
4175,95.72
4176,112.14
4177,101.26
4178,106.01
4179,102.32
4180,101.24
4181,105.18
4182,102.51
4183,107.58
4184,101.31
4185,13.92
4186,7.54
4187,122.31
4188,117.14
4189,106.43
4190,102.99
4191,125.68
4192,101.81
4193,91.57
4194,93.93
4195,98.45
4196,106.96
4197,102.53
4198,103.91
4199,107.68
4200,103.05
4201,94.78
4202,103.55
4203,113.15
4204,94.06
4205,105.59
4206,111.54
4207,103.20
4208,33.79
4209,119.81
4210,140.17
4211,88.28
4212,99.40
4213,117.48
4214,110.20
4215,105.21
4216,104.37
4217,99.76
4218,100.38
4219,98.55
4220,93.84
4221,98.71
4222,104.79
4223,106.04
4224,51.43
4225,11.76
4226,21.18
4227,13.52
4228,26.60
4229,28.67
4230,19.40
4231,22.78
4232,23.61
4233,20.72
4234,23.19
4235,23.07
4236,21.74
4237,19.38
4238,20.90
4239,20.57
4240,20.94
4241,22.12
4242,23.16
4243,22.49
4244,23.08
4245,42.09
4246,24.67
4247,21.21
4248,22.87
4249,20.27
4250,19.21
4251,19.36
4252,12.63
4253,9.24
4254,6.70
4255,9.26
4256,18.11
4257,22.27
4258,28.66
4259,62.81
4260,47.67
4261,48.42
4262,43.05
4263,30.45
4264,22.20
4265,22.83
4266,24.49
4267,25.31
4268,16.46
4269,38.18
4270,136.84
4271,16.21
4272,33.59
4273,88.91
4274,17.49
4275,41.20
4276,79.15
4277,16.29
4278,40.51
4279,145.75
4280,17.09
4281,53.38
4282,109.40
4283,15.57
4284,43.68
4285,109.84
4286,13.09
4287,35.65
4288,111.24
4289,15.48
4290,40.62
4291,150.15
4292,19.30
4293,44.12
4294,132.37
4295,16.13
4296,39.30
4297,141.76
4298,15.49
4299,37.98
4300,116.19
4301,12.47
4302,23.11
4303,104.42
4304,14.54
4305,39.53
4306,102.08
4307,15.27
4308,38.58
4309,134.02
4310,15.56
4311,51.89
4312,125.51
4313,12.58
4314,48.06
4315,135.33
4316,13.91
4317,45.10
4318,146.31
4319,12.98
4320,52.00
4321,118.05
4322,12.30
4323,38.83
4324,131.70
4325,12.33
4326,50.69
4327,154.55
4328,13.34
4329,47.15
4330,163.83
4331,11.91
4332,38.34
4333,84.66
4334,14.90
4335,45.22
4336,128.89
4337,13.19
4338,44.63
4339,169.45
4340,13.49
4341,46.11
4342,150.19
4343,15.92
4344,47.44
4345,123.27
4346,13.03
4347,47.28
4348,130.53
4349,13.49
4350,54.38
4351,139.90
4352,14.34
4353,43.55
4354,155.71
4355,14.79
4356,54.01
4357,161.74
4358,14.21
4359,44.71
4360,138.81
4361,16.65
4362,56.42
4363,139.65
4364,14.10
4365,50.56
4366,84.46
4367,16.84
4368,64.86
4369,196.27
4370,15.97
4371,47.29
4372,151.21
4373,11.54
4374,62.61
4375,58.91
4376,16.28
4377,49.23
4378,131.37
4379,20.71
4380,310.59
4381,33.49
4382,67.88
4383,165.35
4384,17.16
4385,55.46
4386,127.76
4387,14.42
4388,52.75
4389,182.73
4390,14.05
4391,45.12
4392,166.08
4393,11.26
4394,34.70
4395,111.63
4396,14.57
4397,44.70
4398,160.98
4399,16.06
4400,46.35
4401,145.28
4402,16.87
4403,50.96
4404,148.75
4405,14.31
4406,50.99
4407,153.02
4408,14.28
4409,52.84
4410,153.96
4411,26.68
4412,103.44
4413,113.33
4414,29.47
4415,50.25
4416,163.36
4417,21.33
4418,49.72
4419,112.36
4420,21.42
4421,47.33
4422,141.49
4423,13.00
4424,65.29
4425,183.64
4426,15.91
4427,48.27
4428,140.03
4429,18.14
4430,104.38
4431,248.64
4432,43.24
4433,106.88
4434,224.76
4435,45.75
4436,249.27
4437,251.39
4438,63.25
4439,329.47
4440,358.32
4441,342.14
4442,278.19
4443,375.73
4444,363.02
4445,400.19
4446,314.83
4447,411.54
4448,406.49
4449,394.37
4450,397.13
4451,423.64
4452,391.68
4453,335.35
4454,347.50
4455,293.95
4456,371.03
4457,309.38
4458,333.98
4459,243.57
4460,295.26
4461,324.96
4462,351.05
4463,386.59
4464,410.93
4465,369.82
4466,356.42
4467,364.67
4468,418.24
4469,402.97
4470,363.87
4471,334.08
4472,327.70
4473,381.49
4474,408.15
4475,372.86
4476,423.55
4477,364.01
4478,329.25
4479,361.72
4480,405.96
4481,368.61
4482,349.93
4483,364.98
4484,322.13
4485,250.34
4486,393.82
4487,423.96
4488,349.77
4489,369.86
4490,398.90
4491,387.34
4492,424.79
4493,360.80
4494,341.06
4495,340.23
4496,370.85
4497,410.32
4498,390.43
4499,378.59
4500,352.53
4501,360.11
4502,377.94
4503,401.61
4504,387.18
4505,375.57
4506,341.59
4507,368.87
4508,334.46
4509,398.26
4510,396.84
4511,345.13
4512,394.34
4513,388.56
4514,383.89
4515,363.85
4516,412.15
4517,401.01
4518,372.26
4519,367.24
4520,379.39
4521,379.05
4522,422.94
4523,408.60
4524,409.32
4525,381.91
4526,371.58
4527,296.31
4528,304.40
4529,379.19
4530,391.53
4531,404.22
4532,455.97
4533,400.59
4534,427.68
4535,408.51
4536,349.20
4537,327.85
4538,400.31
4539,356.40
4540,431.65
4541,394.96
4542,388.17
4543,357.26
4544,348.81
4545,327.76
4546,384.85
4547,353.74
4548,333.52
4549,391.97
4550,404.14
4551,403.94
4552,408.16
4553,335.95
4554,339.69
4555,319.42
4556,369.92
4557,397.88
4558,440.43
4559,375.02
4560,340.31
4561,381.50
4562,352.81
4563,356.54
4564,375.95
4565,409.28
4566,412.75
4567,389.23
4568,340.31
4569,432.53
4570,379.55
4571,396.59
4572,379.38
4573,365.64
4574,351.63
4575,374.56
4576,402.77
4577,355.82
4578,361.09
4579,354.70
4580,417.14
4581,401.69
4582,409.37
4583,336.27
4584,354.05
4585,360.74
4586,385.19
4587,369.47
4588,410.80
4589,433.14
4590,395.05
4591,311.34
4592,309.27
4593,263.76
4594,347.07
4595,306.48
4596,335.13
4597,374.41
4598,328.58
4599,322.40
4600,295.85
4601,320.29
4602,309.38
4603,312.86
4604,334.39
4605,305.67
4606,331.41
4607,305.84
4608,313.29
4609,330.59
4610,338.73
4611,308.65
4612,306.34
4613,288.45
4614,345.09
4615,336.27
4616,319.56
4617,342.31
4618,330.86
4619,316.31
4620,303.39
4621,327.90
4622,352.56
4623,315.31
4624,337.42
4625,359.60
4626,338.77
4627,313.01
4628,329.26
4629,337.84
4630,344.58
4631,331.66
4632,336.56
4633,321.24
4634,324.24
4635,313.94
4636,330.44
4637,355.24
4638,352.11
4639,320.37
4640,347.37
4641,330.94
4642,299.32
4643,339.10
4644,282.25
4645,320.61
4646,338.63
4647,357.85
4648,358.29
4649,356.93
4650,303.79
4651,326.16
4652,290.40
4653,345.50
4654,324.62
4655,297.48
4656,277.74
4657,283.88
4658,340.71
4659,354.16
4660,281.83
4661,196.57
4662,317.06
4663,367.35
4664,343.31
4665,352.72
4666,245.06
4667,290.33
4668,325.83
4669,363.40
4670,309.42
4671,347.08
4672,346.54
4673,313.63
4674,324.09
4675,336.49
4676,351.65
4677,326.94
4678,213.32
4679,232.69
4680,339.78
4681,340.58
4682,330.40
4683,333.89
4684,335.24
4685,273.15
4686,343.92
4687,333.68
4688,363.15
4689,347.60
4690,371.09
4691,358.58
4692,408.51
4693,331.43
4694,367.12
4695,317.30
4696,363.76
4697,380.33
4698,375.69
4699,419.25
4700,289.68
4701,370.82
4702,383.30
4703,417.85
4704,439.42
4705,393.39
4706,364.84
4707,384.76
4708,373.96
4709,412.80
4710,423.39
4711,378.20
4712,445.89
4713,323.31
4714,349.81
4715,318.54
4716,384.38
4717,400.62
4718,377.79
4719,394.74
4720,418.17
4721,363.46
4722,370.01
4723,421.23
4724,411.57
4725,394.23
4726,387.70
4727,297.42
4728,377.80
4729,338.59
4730,396.97
4731,411.12
4732,372.73
4733,410.21
4734,327.50
4735,303.55
4736,369.29
4737,335.48
4738,336.80
4739,368.54
4740,407.85
4741,361.05
4742,334.84
4743,344.63
4744,309.95
4745,322.40
4746,363.06
4747,367.08
4748,378.70
4749,323.56
4750,344.39
4751,365.34
4752,370.33
4753,326.18
4754,408.71
4755,358.01
4756,329.59
4757,327.59
4758,335.29
4759,343.56
4760,345.97
4761,350.71
4762,367.59
4763,309.91
4764,301.86
4765,338.93
4766,337.22
4767,310.37
4768,310.06
4769,362.86
4770,359.13
4771,337.66
4772,321.30
4773,324.69
4774,302.21
4775,347.01
4776,354.41
4777,407.76
4778,300.44
4779,312.23
4780,229.58
4781,254.08
4782,357.77
4783,322.59
4784,349.83
4785,410.05
4786,428.14
4787,421.76
4788,364.54
4789,392.91
4790,371.43
4791,310.74
4792,400.19
4793,419.41
4794,412.44
4795,347.16
4796,374.74
4797,393.86
4798,399.68
4799,431.26
4800,414.42
4801,418.76
4802,358.99
4803,346.24
4804,357.62
4805,398.17
4806,329.90
4807,288.77
4808,355.68
4809,352.46
4810,388.65
4811,380.11
4812,400.50
4813,375.63
4814,336.24
4815,418.27
4816,424.09
4817,411.76
4818,291.38
4819,196.92
4820,348.12
4821,355.14
4822,325.36
4823,345.14
4824,400.99
4825,415.21
4826,353.99
4827,341.34
4828,414.25
4829,339.33
4830,381.10
4831,359.67
4832,423.91
4833,417.26
4834,350.64
4835,338.43
4836,241.38
4837,326.56
4838,335.76
4839,324.42
4840,355.04
4841,368.81
4842,409.38
4843,455.35
4844,381.81
4845,375.40
4846,407.03
4847,389.09
4848,358.51
4849,390.88
4850,357.28
4851,346.52
4852,384.70
4853,416.96
4854,403.88
4855,432.84
4856,409.25
4857,419.64
4858,350.39
4859,375.80
4860,367.59
4861,297.79
4862,339.42
4863,372.07
4864,338.16
4865,406.02
4866,367.26
4867,363.07
4868,419.55
4869,368.19
4870,397.92
4871,357.73
4872,322.14
4873,350.73
4874,333.61
4875,329.89
4876,342.25
4877,404.53
4878,383.98
4879,387.49
4880,328.45
4881,336.83
4882,331.86
4883,357.49
4884,410.26
4885,343.40
4886,420.82
4887,424.70
4888,429.63
4889,391.64
4890,404.73
4891,376.59
4892,387.57
4893,391.16
4894,417.76
4895,401.86
4896,378.13
4897,314.31
4898,401.82
4899,359.39
4900,382.12
4901,407.73
4902,384.56
4903,301.95
4904,354.90
4905,330.04
4906,409.20
4907,415.44
4908,389.45
4909,411.32
4910,320.85
4911,357.04
4912,337.51
4913,397.87
4914,348.82
4915,349.35
4916,402.71
4917,141.37
4918,252.07
4919,344.12
4920,363.50
4921,331.18
4922,379.78
4923,403.06
4924,384.59
4925,394.90
4926,415.73
4927,423.23
4928,434.84
4929,364.84
4930,341.70
4931,380.97
4932,383.80
4933,388.35
4934,431.35
4935,416.16
4936,437.87
4937,447.19
4938,419.59
4939,424.86
4940,369.36
4941,372.73
4942,389.67
4943,336.38
4944,400.10
4945,356.96
4946,351.22
4947,371.60
4948,343.49
4949,378.93
4950,406.32
4951,406.44
4952,369.73
4953,407.96
4954,390.81
4955,372.76
4956,362.59
4957,369.18
4958,433.60
4959,404.40
4960,394.74
4961,326.84
4962,378.17
4963,104.01
