Frame,FPS
1,48.91
2,4.39
3,232.47
4,139.38
5,394.34
6,379.74
7,376.26
8,427.17
9,428.14
10,418.13
11,448.43
12,389.32
13,390.59
14,445.42
15,409.57
16,424.57
17,389.42
18,403.19
19,399.22
20,378.40
21,411.07
22,393.82
23,414.25
24,429.17
25,401.46
26,429.68
27,407.78
28,458.44
29,337.33
30,400.80
31,364.03
32,430.61
33,421.50
34,357.23
35,411.62
36,379.33
37,371.48
38,365.88
39,386.41
40,420.01
41,360.04
42,338.91
43,302.30
44,366.60
45,365.32
46,418.01
47,384.54
48,396.06
49,359.88
50,427.31
51,453.87
52,462.77
53,453.25
54,413.91
55,457.33
56,469.46
57,463.31
58,411.93
59,436.22
60,380.85
61,389.15
62,421.16
63,431.56
64,442.79
65,405.24
66,419.34
67,447.57
68,425.62
69,427.20
70,437.25
71,451.37
72,427.20
73,420.50
74,441.68
75,384.69
76,399.90
77,380.26
78,388.24
79,376.05
80,409.78
81,422.42
82,413.46
83,453.17
84,440.72
85,439.77
86,445.55
87,425.89
88,424.59
89,430.42
90,446.29
91,405.51
92,457.79
93,443.40
94,444.46
95,429.46
96,432.40
97,435.84
98,461.13
99,445.18
100,439.66
101,430.09
102,488.02
103,435.96
104,398.45
105,438.04
106,409.11
107,406.47
108,404.55
109,365.20
110,396.79
111,382.07
112,407.71
113,362.16
114,374.46
115,338.90
116,334.07
117,384.84
118,341.45
119,367.03
120,367.76
121,368.95
122,372.87
123,348.80
124,319.62
125,362.37
126,375.21
127,329.20
128,362.24
129,401.66
130,452.26
131,435.86
132,402.19
133,422.65
134,421.51
135,428.34
136,435.09
137,395.54
138,416.13
139,441.70
140,413.75
141,454.07
142,431.33
143,425.53
144,423.07
145,440.88
146,426.31
147,408.50
148,444.54
149,461.68
150,447.17
151,440.99
152,384.76
153,421.64
154,427.83
155,373.32
156,427.15
157,354.19
158,395.95
159,415.21
160,391.99
161,439.46
162,386.34
163,402.56
164,417.90
165,402.40
166,457.69
167,433.75
168,394.55
169,401.17
170,399.04
171,437.01
172,423.94
173,435.43
174,420.43
175,463.80
176,458.74
177,430.72
178,402.61
179,440.72
180,402.72
181,397.76
182,442.13
183,427.79
184,371.76
185,422.17
186,399.98
187,387.34
188,447.01
189,445.67
190,439.54
191,454.88
192,469.20
193,381.31
194,440.57
195,446.39
196,419.29
197,438.64
198,426.15
199,397.50
200,381.02
201,440.49
202,451.22
203,428.26
204,227.83
205,418.78
206,436.53
207,468.69
208,418.15
209,404.60
210,459.07
211,420.22
212,446.37
213,452.80
214,442.13
215,395.16
216,436.85
217,448.53
218,435.14
219,459.45
220,438.94
221,431.20
222,391.25
223,404.16
224,416.53
225,408.90
226,408.43
227,452.24
228,381.33
229,403.18
230,415.27
231,382.80
232,438.06
233,352.29
234,419.02
235,413.41
236,341.30
237,320.23
238,355.18
239,337.86
240,344.57
241,421.85
242,370.07
243,371.97
244,323.54
245,349.76
246,364.66
247,370.14
248,300.41
249,325.97
250,326.37
251,340.60
252,365.79
253,326.73
254,338.82
255,354.02
256,363.57
257,378.09
258,304.06
259,336.73
260,357.14
261,343.04
262,358.41
263,336.56
264,349.31
265,363.03
266,376.41
267,330.24
268,341.67
269,298.24
270,324.77
271,375.91
272,316.52
273,325.93
274,350.64
275,356.72
276,359.87
277,294.32
278,318.67
279,361.91
280,370.99
281,346.52
282,326.04
283,361.98
284,366.72
285,350.87
286,351.09
287,324.57
288,337.67
289,258.38
290,329.06
291,308.41
292,328.27
293,330.17
294,355.27
295,315.34
296,301.95
297,356.61
298,339.52
299,360.22
300,365.22
301,373.72
302,373.08
303,356.32
304,373.32
305,341.03
306,370.45
307,363.50
308,354.11
309,374.39
310,356.72
311,410.36
312,371.53
313,374.57
314,410.44
315,364.41
316,414.61
317,364.50
318,361.32
319,278.13
320,398.04
321,425.95
322,347.94
323,434.90
324,440.00
325,439.79
326,437.96
327,429.17
328,432.00
329,454.98
330,435.98
331,446.85
332,432.83
333,451.39
334,431.39
335,438.46
336,422.69
337,409.23
338,445.93
339,425.46
340,411.35
341,416.32
342,440.16
343,430.11
344,453.13
345,410.16
346,387.61
347,435.73
348,326.54
349,368.49
350,345.63
351,418.52
352,338.59
353,350.71
354,363.90
355,375.18
356,362.66
357,316.12
358,334.48
359,334.38
360,363.16
361,329.03
362,349.55
363,349.42
364,293.69
365,298.33
366,326.86
367,364.58
368,413.82
369,341.19
370,335.71
371,369.75
372,318.44
373,300.10
374,376.83
375,338.85
376,341.49
377,356.13
378,297.72
379,326.23
380,343.14
381,339.95
382,345.93
383,320.40
384,329.82
385,292.80
386,258.97
387,205.44
388,359.93
389,332.98
390,328.02
391,336.44
392,352.51
393,336.19
394,347.07
395,343.44
396,350.79
397,338.63
398,363.32
399,375.26
400,381.59
401,259.10
402,260.65
403,303.45
404,259.03
405,307.88
406,266.46
407,257.31
408,298.20
409,301.99
410,295.08
411,360.56
412,328.47
413,326.63
414,310.48
415,357.07
416,369.05
417,357.97
418,333.85
419,354.52
420,339.49
421,248.85
422,317.14
423,353.26
424,334.11
425,358.40
426,376.41
427,405.17
428,363.25
429,371.51
430,413.02
431,411.96
432,387.00
433,385.79
434,436.97
435,441.42
436,370.40
437,346.74
438,334.48
439,323.58
440,403.98
441,367.48
442,346.48
443,337.70
444,304.01
445,294.89
446,341.34
447,361.22
448,371.97
449,375.66
450,304.86
451,356.62
452,334.24
453,343.50
454,291.38
455,315.58
456,336.41
457,374.36
458,351.47
459,369.60
460,368.50
461,346.24
462,343.57
463,360.10
464,364.86
465,363.97
466,322.05
467,342.44
468,365.20
469,300.12
470,346.45
471,373.19
472,345.36
473,339.49
474,289.55
475,345.26
476,363.09
477,345.77
478,361.51
479,359.83
480,348.32
481,363.58
482,308.81
483,367.22
484,338.91
485,299.36
486,362.82
487,325.00
488,325.71
489,372.27
490,357.51
491,311.33
492,394.31
493,373.12
494,430.20
495,446.05
496,429.33
497,443.24
498,422.53
499,441.77
500,466.01
501,451.67
502,433.88
503,434.76
504,416.01
505,417.08
506,380.40
507,350.59
508,363.74
509,369.81
510,359.13
511,331.28
512,376.22
513,327.27
514,367.11
515,358.98
516,328.32
517,338.18
518,368.31
519,330.21
520,323.14
521,320.37
522,336.69
523,329.43
524,321.63
525,365.35
526,304.57
527,361.25
528,374.11
529,359.21
530,328.48
531,305.94
532,344.60
533,372.05
534,380.31
535,364.96
536,333.89
537,342.06
538,367.90
539,365.02
540,371.76
541,334.09
542,349.56
543,366.77
544,346.20
545,316.03
546,373.02
547,363.24
548,375.52
549,324.96
550,412.37
551,324.83
552,431.98
553,343.67
554,431.00
555,415.25
556,421.23
557,426.27
558,433.39
559,363.19
560,348.20
561,368.87
562,257.29
563,321.13
564,373.36
565,328.08
566,318.75
567,365.93
568,361.18
569,373.12
570,344.89
571,321.57
572,348.57
573,341.53
574,312.63
575,341.38
576,304.11
577,367.66
578,373.73
579,323.57
580,340.31
581,350.21
582,319.87
583,358.72
584,353.63
585,362.65
586,358.40
587,312.87
588,319.94
589,347.94
590,333.29
591,310.11
592,365.24
593,336.03
594,340.15
595,368.12
596,369.62
597,343.01
598,358.01
599,323.01
600,311.71
601,341.70
602,364.02
603,360.57
604,314.69
605,320.17
606,331.66
607,322.74
608,303.62
609,302.95
610,338.89
611,306.88
612,358.08
613,328.00
614,332.37
615,368.77
616,335.06
617,372.14
618,370.84
619,335.83
620,316.24
621,332.34
622,378.64
623,398.52
624,342.59
625,425.19
626,411.79
627,415.77
628,373.73
629,432.69
630,424.92
631,432.84
632,441.87
633,446.49
634,431.15
635,433.58
636,426.62
637,343.19
638,425.53
639,393.19
640,383.82
641,441.46
642,455.95
643,329.39
644,414.32
645,409.03
646,371.95
647,436.99
648,349.53
649,389.89
650,432.56
651,338.95
652,436.85
653,392.40
654,430.03
655,380.72
656,416.75
657,426.29
658,376.97
659,388.33
660,376.51
661,412.80
662,421.62
663,421.89
664,332.21
665,364.30
666,426.86
667,365.83
668,402.56
669,388.03
670,350.63
671,438.56
672,453.60
673,357.62
674,330.80
675,359.21
676,337.27
677,421.64
678,343.01
679,268.98
680,367.16
681,374.01
682,364.36
683,381.39
684,417.97
685,337.44
686,352.65
687,272.47
688,54.20
689,228.97
690,320.64
691,331.50
692,286.99
693,317.85
694,309.93
695,351.86
696,352.71
697,356.25
698,353.23
699,313.29
700,350.63
701,354.70
702,333.78
703,348.52
704,356.39
705,359.09
706,419.48
707,358.94
708,352.80
709,350.79
710,333.87
711,339.13
712,412.10
713,355.86
714,343.75
715,341.30
716,309.10
717,345.54
718,322.20
719,315.40
720,285.69
721,279.17
722,306.36
723,355.00
724,329.53
725,342.72
726,303.61
727,253.56
728,309.18
729,348.59
730,364.09
731,326.70
732,295.55
733,231.01
734,340.67
735,319.81
736,342.88
737,366.02
738,354.40
739,348.26
740,355.72
741,343.64
742,345.89
743,343.84
744,344.01
745,348.26
746,343.74
747,346.10
748,343.02
749,319.40
750,352.63
751,339.80
752,308.72
753,340.52
754,320.33
755,310.22
756,329.75
757,327.56
758,349.02
759,357.95
760,315.26
761,354.13
762,346.10
763,322.35
764,330.53
765,359.70
766,345.43
767,302.43
768,190.02
769,187.43
770,202.47
771,217.94
772,183.21
773,234.93
774,223.57
775,259.38
776,218.04
777,186.73
778,188.74
779,216.78
780,212.39
781,207.62
782,207.10
783,250.33
784,246.46
785,214.62
786,291.56
787,316.41
788,337.58
789,340.36
790,357.95
791,353.07
792,351.21
793,350.19
794,329.34
795,302.48
796,360.20
797,368.47
798,317.84
799,313.93
800,334.11
801,359.38
802,324.38
803,339.06
804,365.11
805,283.02
806,331.16
807,350.13
808,338.88
809,348.08
810,301.10
811,329.10
812,305.96
813,333.19
814,308.60
815,336.77
816,357.88
817,353.79
818,338.63
819,230.61
820,53.08
821,260.07
822,163.61
823,259.46
824,264.65
825,280.11
826,282.81
827,259.84
828,296.51
829,265.34
830,266.42
831,264.01
832,225.44
833,265.15
834,291.47
835,276.78
836,292.23
837,261.94
838,284.47
839,286.12
840,253.88
841,288.73
842,236.45
843,233.53
844,298.90
845,295.16
846,302.95
847,302.97
848,281.60
849,291.43
850,287.50
851,299.12
852,275.00
853,251.11
854,285.59
855,276.12
856,310.83
857,263.78
858,296.35
859,280.71
860,305.14
861,312.67
862,284.30
863,310.42
864,307.33
865,274.79
866,276.92
867,287.97
868,263.76
869,306.08
870,287.45
871,296.94
872,307.26
873,226.48
874,290.76
875,294.30
876,305.38
877,302.93
878,279.20
879,300.68
880,251.53
881,291.49
882,278.79
883,273.52
884,247.46
885,293.86
886,302.03
887,261.31
888,224.05
889,300.91
890,273.62
891,253.03
892,294.70
893,295.81
894,268.05
895,308.39
896,253.22
897,281.63
898,298.70
899,259.06
900,255.05
901,309.53
902,275.01
903,253.35
904,231.62
905,285.77
906,300.32
907,302.35
908,258.52
909,302.62
910,279.19
911,282.91
912,101.36
913,58.42
914,289.66
915,266.37
916,236.70
917,291.02
918,283.72
919,291.98
920,256.42
921,278.94
922,282.79
923,256.84
924,266.65
925,272.38
926,278.18
927,279.67
928,284.23
929,268.95
930,276.61
931,291.66
932,284.96
933,285.38
934,271.80
935,321.15
936,253.84
937,286.21
938,306.34
939,273.31
940,289.83
941,251.16
942,281.40
943,251.17
944,235.38
945,242.01
946,230.11
947,292.37
948,291.47
949,268.98
950,289.80
951,278.29
952,290.24
953,332.54
954,268.00
955,258.69
956,261.88
957,340.31
958,294.64
959,291.63
960,334.85
961,289.31
962,314.55
963,340.46
964,230.45
965,277.49
966,306.48
967,332.25
968,291.75
969,293.08
970,314.01
971,312.71
972,290.04
973,284.98
974,298.17
975,298.21
976,336.80
977,282.84
978,289.04
979,309.06
980,328.43
981,327.06
982,340.89
983,342.06
984,342.82
985,333.53
986,345.34
987,323.32
988,323.34
989,325.87
990,334.62
991,308.37
992,352.51
993,322.85
994,322.38
995,363.00
996,351.26
997,326.35
998,340.60
999,321.53
1000,341.05
1001,337.48
1002,325.72
1003,337.71
1004,363.24
1005,333.37
1006,334.81
1007,344.90
1008,333.50
1009,340.68
1010,336.98
1011,340.36
1012,319.09
1013,240.49
1014,314.62
1015,347.28
1016,342.16
1017,345.18
1018,320.24
1019,368.65
1020,295.39
1021,300.27
1022,312.34
1023,318.83
1024,318.21
1025,268.62
1026,101.66
1027,80.55
1028,314.93
1029,266.22
1030,312.03
1031,296.71
1032,297.00
1033,338.49
1034,339.27
1035,336.93
1036,331.63
1037,302.93
1038,336.73
1039,339.64
1040,324.21
1041,290.58
1042,335.95
1043,327.70
1044,246.00
1045,337.45
1046,252.01
1047,230.42
1048,322.70
1049,301.47
1050,294.36
1051,331.02
1052,316.38
1053,309.29
1054,326.26
1055,332.82
1056,339.08
1057,346.42
1058,338.49
1059,329.73
1060,310.09
1061,278.44
1062,243.05
1063,340.40
1064,270.72
1065,294.15
1066,314.16
1067,336.64
1068,329.97
1069,247.42
1070,286.14
1071,282.39
1072,296.91
1073,340.30
1074,285.67
1075,272.46
1076,275.82
1077,263.48
1078,272.56
1079,277.16
1080,264.17
1081,235.62
1082,258.80
1083,309.57
1084,282.06
1085,265.24
1086,249.32
1087,274.76
1088,254.93
1089,255.75
1090,309.67
1091,245.72
1092,271.52
1093,259.69
1094,302.76
1095,278.12
1096,304.94
1097,334.16
1098,296.39
1099,295.40
1100,283.29
1101,304.95
1102,327.04
1103,336.26
1104,354.47
1105,314.22
1106,331.80
1107,301.85
1108,340.97
1109,292.70
1110,331.27
1111,323.40
1112,305.41
1113,353.57
1114,333.71
1115,315.92
1116,268.91
1117,299.72
1118,345.32
1119,342.00
1120,300.31
1121,295.81
1122,292.13
1123,312.79
1124,263.94
1125,302.11
1126,320.47
1127,261.95
1128,289.18
1129,256.07
1130,281.84
1131,285.71
1132,245.36
1133,291.95
1134,275.44
1135,294.45
1136,288.84
1137,284.76
1138,276.11
1139,245.56
1140,238.66
1141,289.24
1142,244.82
1143,259.49
1144,243.38
1145,71.11
1146,76.38
1147,84.36
1148,75.51
1149,79.71
1150,78.41
1151,79.66
1152,82.55
1153,86.48
1154,78.46
1155,79.86
1156,82.56
1157,82.66
1158,79.29
1159,81.91
1160,78.28
1161,82.55
1162,75.17
1163,83.41
1164,50.62
1165,189.67
1166,261.03
1167,277.29
1168,289.56
1169,258.19
1170,258.96
1171,249.77
1172,265.15
1173,256.50
1174,218.09
1175,264.28
1176,313.14
1177,227.81
1178,264.38
1179,282.89
1180,278.20
1181,278.28
1182,237.11
1183,219.79
1184,269.38
1185,269.15
1186,262.04
1187,239.72
1188,229.82
1189,211.86
1190,220.77
1191,234.17
1192,256.79
1193,275.73
1194,283.70
1195,288.84
1196,277.99
1197,290.05
1198,284.79
1199,257.86
1200,245.68
1201,262.83
1202,261.18
1203,251.16
1204,260.82
1205,246.78
1206,255.50
1207,284.22
1208,261.71
1209,262.82
1210,238.65
1211,266.25
1212,291.57
1213,287.23
1214,292.12
1215,255.60
1216,251.64
1217,282.23
1218,292.48
1219,276.73
1220,282.77
1221,248.50
1222,285.18
1223,280.89
1224,266.43
1225,272.67
1226,256.31
1227,277.05
1228,260.33
1229,282.29
1230,276.86
1231,276.95
1232,277.86
1233,264.44
1234,251.94
1235,276.82
1236,279.43
1237,241.63
1238,277.34
1239,280.73
1240,208.35
1241,278.96
1242,271.96
1243,269.35
1244,289.23
1245,293.84
1246,280.51
1247,287.65
1248,218.07
1249,277.93
1250,293.08
1251,271.89
1252,292.45
1253,288.08
1254,287.07
1255,276.81
1256,286.53
1257,287.95
1258,278.63
1259,304.12
1260,287.68
1261,292.94
1262,294.95
1263,286.26
1264,281.89
1265,284.76
1266,281.25
1267,272.63
1268,280.49
1269,294.01
1270,152.30
1271,335.97
1272,231.44
1273,294.32
1274,276.22
1275,346.78
1276,229.38
1277,265.46
1278,242.15
1279,295.63
1280,226.31
1281,272.18
1282,254.30
1283,331.62
1284,261.86
1285,348.01
1286,233.11
1287,314.95
1288,266.79
1289,322.64
1290,234.59
1291,348.89
1292,254.34
1293,358.71
1294,337.59
1295,251.12
1296,299.53
1297,252.55
1298,326.18
1299,199.84
1300,284.33
1301,275.72
1302,316.45
1303,251.58
1304,248.12
1305,203.46
1306,340.72
1307,85.13
1308,89.57
1309,209.64
1310,243.40
1311,214.74
1312,285.00
1313,246.77
1314,316.99
1315,242.54
1316,328.90
1317,241.55
1318,303.80
1319,245.64
1320,322.32
1321,236.44
1322,293.04
1323,227.31
1324,277.78
1325,232.66
1326,302.58
1327,197.13
1328,326.89
1329,272.19
1330,272.11
1331,232.23
1332,298.10
1333,180.12
1334,316.88
1335,247.89
1336,323.75
1337,262.60
1338,308.70
1339,213.18
1340,247.74
1341,195.75
1342,254.07
1343,234.72
1344,294.85
1345,224.34
1346,304.40
1347,199.57
1348,325.68
1349,254.38
1350,291.77
1351,243.34
1352,325.99
1353,250.75
1354,274.32
1355,241.86
1356,268.56
1357,304.54
1358,254.85
1359,322.38
1360,247.16
1361,292.77
1362,318.82
1363,262.04
1364,292.98
1365,251.15
1366,300.69
1367,239.87
1368,328.40
1369,239.73
1370,224.08
1371,198.05
1372,312.85
1373,253.79
1374,317.72
1375,252.34
1376,320.10
1377,247.04
1378,313.00
1379,284.87
1380,250.75
1381,288.00
1382,248.84
1383,330.07
1384,244.53
1385,232.50
1386,289.12
1387,243.69
1388,319.34
1389,246.51
1390,281.71
1391,254.16
1392,342.06
1393,236.48
1394,329.07
1395,256.03
1396,231.97
1397,285.36
1398,271.44
1399,326.29
1400,243.36
1401,286.41
1402,243.93
1403,280.53
1404,224.53
1405,341.97
1406,244.15
1407,305.44
1408,196.01
1409,352.81
1410,238.36
1411,299.89
1412,319.47
1413,250.00
1414,314.39
1415,238.38
1416,318.65
1417,262.22
1418,322.11
1419,245.99
1420,290.77
1421,209.23
1422,278.31
1423,282.98
1424,304.58
1425,237.52
1426,312.46
1427,234.53
1428,257.61
1429,253.15
1430,244.98
1431,258.38
1432,304.92
1433,256.07
1434,327.36
1435,241.28
1436,302.98
1437,270.04
1438,365.72
1439,240.86
1440,309.44
1441,313.34
1442,267.72
1443,353.81
1444,256.14
1445,334.07
1446,256.23
1447,267.04
1448,340.31
1449,243.08
1450,356.38
1451,231.33
1452,303.26
1453,242.30
1454,279.88
1455,244.36
1456,283.54
1457,308.69
1458,239.37
1459,358.17
1460,270.08
1461,337.71
1462,258.15
1463,332.38
1464,281.05
1465,408.16
1466,269.95
1467,356.62
1468,265.50
1469,272.48
1470,284.41
1471,398.84
1472,266.55
1473,354.71
1474,243.98
1475,248.84
1476,299.58
1477,194.92
1478,297.70
1479,235.55
1480,314.11
1481,254.98
1482,335.65
1483,255.10
1484,304.60
1485,242.14
1486,273.86
1487,233.33
1488,325.65
1489,253.88
1490,334.00
1491,252.97
1492,333.64
1493,287.82
1494,251.09
1495,339.32
1496,249.09
1497,294.54
1498,245.98
1499,318.52
1500,253.51
1501,337.40
1502,266.03
1503,338.86
1504,259.20
1505,325.16
1506,217.41
1507,228.72
1508,189.85
1509,327.61
1510,247.64
1511,322.36
1512,257.94
1513,318.00
1514,274.61
1515,322.57
1516,258.32
1517,336.95
1518,256.98
1519,317.59
1520,325.72
1521,245.03
1522,342.34
1523,264.84
1524,337.11
1525,247.64
1526,309.70
1527,256.08
1528,278.61
1529,258.69
1530,323.35
1531,275.07
1532,336.51
1533,245.00
1534,328.07
1535,251.65
1536,332.98
1537,248.76
1538,337.95
1539,268.12
1540,382.47
1541,221.10
1542,331.81
1543,263.10
1544,345.48
1545,265.63
1546,315.15
1547,242.72
1548,307.35
1549,203.13
1550,312.95
1551,270.49
1552,319.14
1553,261.26
1554,353.13
1555,243.46
1556,334.20
1557,341.05
1558,269.14
1559,317.31
1560,270.90
1561,340.77
1562,236.18
1563,331.15
1564,247.04
1565,327.87
1566,280.47
1567,334.77
1568,256.28
1569,325.87
1570,263.86
1571,280.23
1572,93.62
1573,79.25
1574,236.69
1575,315.20
1576,242.28
1577,298.35
1578,230.90
1579,301.72
1580,248.76
1581,321.45
1582,225.46
1583,314.50
1584,251.72
1585,327.41
1586,209.67
1587,315.74
1588,263.10
1589,304.11
1590,253.65
1591,352.22
1592,251.14
1593,312.10
1594,204.80
1595,316.40
1596,247.03
1597,284.19
1598,242.78
1599,312.28
1600,244.61
1601,332.02
1602,205.36
1603,319.97
1604,266.06
1605,311.92
1606,231.98
1607,299.37
1608,233.42
1609,326.03
1610,251.50
1611,337.59
1612,318.43
1613,266.03
1614,337.64
1615,259.71
1616,316.06
1617,268.87
1618,286.80
1619,271.99
1620,329.83
1621,245.84
1622,348.25
1623,243.29
1624,324.70
1625,253.08
1626,308.50
1627,262.84
1628,298.80
1629,251.05
1630,355.54
1631,239.13
1632,323.18
1633,266.83
1634,355.28
1635,269.95
1636,319.44
1637,245.02
1638,333.02
1639,251.39
1640,295.20
1641,231.26
1642,302.21
1643,254.01
1644,359.57
1645,189.24
1646,332.14
1647,285.09
1648,333.27
1649,274.12
1650,326.86
1651,263.47
1652,316.72
1653,264.00
1654,337.40
1655,302.35
1656,253.02
1657,320.21
1658,251.81
1659,325.49
1660,230.27
1661,319.55
1662,281.97
1663,338.16
1664,292.48
1665,340.69
1666,271.60
1667,346.44
1668,262.92
1669,339.51
1670,270.97
1671,289.80
1672,260.65
1673,338.18
1674,278.37
1675,342.21
1676,273.40
1677,362.86
1678,208.89
1679,293.15
1680,273.00
1681,382.41
1682,261.14
1683,330.93
1684,290.88
1685,287.17
1686,261.40
1687,329.22
1688,239.00
1689,323.89
1690,273.17
1691,339.79
1692,256.51
1693,398.76
1694,208.03
1695,294.72
1696,262.10
1697,351.21
1698,268.53
1699,279.84
1700,252.23
1701,309.80
1702,237.23
1703,309.27
1704,249.58
1705,333.79
1706,235.43
1707,288.62
1708,259.42
1709,239.80
1710,259.28
1711,293.81
1712,269.48
1713,322.32
1714,226.11
1715,267.64
1716,218.99
1717,317.58
1718,263.25
1719,288.83
1720,257.08
1721,333.09
1722,234.41
1723,290.65
1724,274.02
1725,320.29
1726,270.15
1727,332.03
1728,235.46
1729,291.41
1730,257.68
1731,288.76
1732,245.89
1733,315.10
1734,277.19
1735,330.39
1736,94.13
1737,223.60
1738,255.06
1739,219.14
1740,277.75
1741,278.61
1742,222.46
1743,275.80
1744,242.93
1745,240.53
1746,278.44
1747,254.08
1748,217.42
1749,253.22
1750,272.34
1751,284.32
1752,267.62
1753,222.19
1754,234.76
1755,288.04
1756,263.65
1757,217.52
1758,276.55
1759,247.42
1760,253.99
1761,266.44
1762,255.06
1763,267.69
1764,257.00
1765,275.54
1766,265.75
1767,272.30
1768,247.05
1769,286.85
1770,256.85
1771,289.11
1772,239.40
1773,249.86
1774,215.45
1775,241.87
1776,276.66
1777,276.96
1778,276.50
1779,269.50
1780,171.58
1781,247.27
1782,280.32
1783,263.05
1784,284.76
1785,285.54
1786,242.16
1787,259.76
1788,69.32
1789,69.97
1790,72.00
1791,73.58
1792,83.44
1793,72.05
1794,83.69
1795,89.36
1796,83.97
1797,79.45
1798,87.14
1799,87.99
1800,85.03
1801,79.06
1802,73.70
1803,84.45
1804,81.02
1805,76.75
1806,82.02
1807,44.84
1808,222.55
1809,245.33
1810,258.61
1811,242.27
1812,228.59
1813,236.91
1814,256.67
1815,258.99
1816,321.32
1817,296.91
1818,302.64
1819,309.51
1820,337.74
1821,335.85
1822,343.11
1823,323.07
1824,333.74
1825,318.73
1826,257.20
1827,276.39
1828,296.09
1829,258.56
1830,257.36
1831,287.21
1832,285.42
1833,294.08
1834,261.44
1835,207.48
1836,268.53
1837,254.04
1838,299.28
1839,257.02
1840,264.94
1841,276.91
1842,251.35
1843,279.02
1844,276.05
1845,295.72
1846,269.19
1847,286.59
1848,256.48
1849,317.52
1850,294.99
1851,324.82
1852,282.41
1853,289.85
1854,275.08
1855,295.45
1856,315.77
1857,225.73
1858,210.38
1859,250.39
1860,250.21
1861,263.78
1862,269.03
1863,273.75
1864,264.99
1865,208.10
1866,275.82
1867,281.73
1868,276.63
1869,250.07
1870,219.95
1871,190.58
1872,216.25
1873,235.06
1874,237.08
1875,201.63
1876,191.75
1877,275.54
1878,272.76
1879,253.00
1880,239.19
1881,203.89
1882,267.90
1883,265.59
1884,253.64
1885,275.27
1886,282.34
1887,244.95
1888,253.77
1889,259.69
1890,256.73
1891,253.74
1892,234.64
1893,255.66
1894,275.13
1895,214.12
1896,248.04
1897,286.29
1898,286.11
1899,287.08
1900,297.46
1901,310.93
1902,280.89
1903,259.42
1904,275.72
1905,303.56
1906,304.97
1907,305.64
1908,340.69
1909,291.22
1910,305.57
1911,316.65
1912,328.84
1913,285.93
1914,283.27
1915,273.13
1916,303.23
1917,286.53
1918,290.90
1919,323.68
1920,323.14
1921,308.54
1922,284.88
1923,278.63
1924,329.43
1925,353.16
1926,358.09
1927,353.19
1928,347.96
1929,280.99
1930,234.69
1931,264.69
1932,290.86
1933,338.48
1934,358.90
1935,359.11
1936,340.82
1937,336.11
1938,345.72
1939,349.87
1940,341.67
1941,350.40
1942,320.19
1943,276.31
1944,232.14
1945,240.13
1946,278.99
1947,98.34
1948,85.90
1949,259.81
1950,252.06
1951,254.41
1952,254.08
1953,249.18
1954,241.58
1955,295.36
1956,268.20
1957,240.07
1958,237.43
1959,244.80
1960,256.83
1961,284.03
1962,323.76
1963,285.69
1964,287.52
1965,281.27
1966,275.95
1967,289.47
1968,278.23
1969,272.58
1970,264.38
1971,222.73
1972,241.21
1973,270.27
1974,284.29
1975,263.59
1976,251.16
1977,278.12
1978,282.95
1979,282.49
1980,274.48
1981,238.81
1982,272.76
1983,260.66
1984,239.06
1985,253.82
1986,228.71
1987,236.33
1988,283.87
1989,216.87
1990,250.22
1991,267.02
1992,324.32
1993,316.84
1994,305.43
1995,289.03
1996,300.26
1997,184.90
1998,278.96
1999,304.47
2000,307.61
2001,293.12
2002,316.53
2003,307.95
2004,326.19
2005,321.45
2006,299.40
2007,317.11
2008,295.41
2009,303.01
2010,311.50
2011,236.04
2012,328.98
2013,309.38
2014,254.84
2015,237.40
2016,263.85
2017,268.89
2018,269.03
2019,276.59
2020,295.33
2021,288.01
2022,280.69
2023,247.87
2024,235.27
2025,274.44
2026,298.73
2027,284.71
2028,248.53
2029,242.11
2030,240.92
2031,285.36
2032,263.77
2033,252.70
2034,286.61
2035,284.19
2036,294.13
2037,258.51
2038,278.19
2039,260.98
2040,259.94
2041,274.54
2042,287.95
2043,252.28
2044,280.35
2045,293.27
2046,276.94
2047,252.69
2048,263.70
2049,245.76
2050,291.15
2051,239.07
2052,251.41
2053,225.33
2054,293.18
2055,281.71
2056,294.69
2057,288.18
2058,262.25
2059,243.27
2060,256.23
2061,249.91
2062,294.56
2063,291.95
2064,276.65
2065,257.94
2066,272.71
2067,312.23
2068,342.56
2069,242.42
2070,289.81
2071,271.81
2072,274.06
2073,287.94
2074,246.21
2075,279.14
2076,325.11
2077,268.28
2078,244.05
2079,164.35
2080,254.52
2081,290.10
2082,275.71
2083,246.18
2084,231.51
2085,251.23
2086,212.30
2087,247.33
2088,245.50
2089,257.03
2090,271.81
2091,276.87
2092,249.78
2093,101.22
2094,80.20
2095,217.48
2096,260.88
2097,266.78
2098,278.76
2099,285.48
2100,255.47
2101,254.61
2102,276.68
2103,266.77
2104,271.51
2105,283.62
2106,288.63
2107,239.62
2108,247.24
2109,246.15
2110,259.28
2111,272.40
2112,287.94
2113,274.82
2114,282.98
2115,283.11
2116,266.72
2117,269.67
2118,244.89
2119,274.20
2120,273.67
2121,260.04
2122,268.85
2123,275.81
2124,284.18
2125,258.99
2126,245.91
2127,171.19
2128,249.30
2129,282.45
2130,289.39
2131,268.54
2132,281.22
2133,294.99
2134,232.79
2135,220.71
2136,240.62
2137,251.69
2138,263.10
2139,287.21
2140,269.06
2141,268.80
2142,261.97
2143,225.51
2144,231.06
2145,209.55
2146,243.36
2147,226.14
2148,212.69
2149,270.26
2150,266.53
2151,214.39
2152,247.97
2153,260.10
2154,208.96
2155,254.82
2156,295.98
2157,253.46
2158,284.41
2159,286.54
2160,270.12
2161,210.30
2162,287.62
2163,242.94
2164,352.21
2165,254.74
2166,228.54
2167,179.18
2168,327.51
2169,217.75
2170,312.29
2171,240.64
2172,309.47
2173,230.39
2174,258.17
2175,245.97
2176,323.49
2177,253.49
2178,329.75
2179,183.89
2180,294.84
2181,220.64
2182,314.11
2183,254.80
2184,361.99
2185,237.56
2186,324.19
2187,301.88
2188,259.96
2189,366.09
2190,254.73
2191,281.45
2192,290.28
2193,227.97
2194,286.46
2195,238.08
2196,376.78
2197,300.73
2198,216.38
2199,314.55
2200,248.89
2201,379.61
2202,250.16
2203,379.46
2204,255.97
2205,389.83
2206,273.14
2207,282.61
2208,355.72
2209,238.53
2210,332.03
2211,334.12
2212,276.30
2213,350.77
2214,285.79
2215,285.54
2216,264.99
2217,317.16
2218,279.06
2219,268.46
2220,280.11
2221,236.34
2222,274.54
2223,234.73
2224,292.60
2225,216.73
2226,301.55
2227,260.79
2228,293.02
2229,211.51
2230,238.85
2231,194.73
2232,263.04
2233,166.46
2234,243.83
2235,234.68
2236,228.21
2237,221.85
2238,298.59
2239,247.50
2240,306.96
2241,259.81
2242,303.21
2243,252.77
2244,319.16
2245,238.52
2246,333.09
2247,254.35
2248,335.18
2249,228.64
2250,291.95
2251,206.58
2252,255.58
2253,261.42
2254,292.27
2255,219.26
2256,322.91
2257,244.97
2258,334.80
2259,177.60
2260,285.05
2261,231.04
2262,310.05
2263,252.11
2264,274.82
2265,203.02
2266,330.12
2267,318.27
2268,373.93
2269,280.08
2270,318.84
2271,363.72
2272,284.93
2273,412.27
2274,382.92
2275,295.37
2276,355.88
2277,296.39
2278,315.22
2279,352.87
2280,258.66
2281,331.41
2282,254.51
2283,269.23
2284,284.44
2285,238.54
2286,260.36
2287,328.53
2288,364.02
2289,282.14
2290,350.23
2291,254.60
2292,238.82
2293,224.93
2294,297.41
2295,301.68
2296,246.28
2297,257.25
2298,243.34
2299,394.56
2300,342.47
2301,259.14
2302,348.97
2303,263.07
2304,332.17
2305,258.39
2306,309.87
2307,240.98
2308,301.08
2309,204.24
2310,273.54
2311,195.03
2312,324.05
2313,258.05
2314,311.24
2315,240.63
2316,352.76
2317,268.53
2318,315.97
2319,323.09
2320,239.18
2321,325.36
2322,249.83
2323,309.08
2324,223.68
2325,315.65
2326,242.64
2327,276.17
2328,236.18
2329,317.07
2330,247.49
2331,275.10
2332,247.91
2333,291.51
2334,231.35
2335,321.09
2336,302.26
2337,257.51
2338,310.51
2339,74.37
2340,132.28
2341,77.26
2342,157.58
2343,78.22
2344,153.54
2345,77.19
2346,151.32
2347,71.36
2348,146.75
2349,70.47
2350,128.45
2351,78.03
2352,151.28
2353,77.48
2354,143.35
2355,79.07
2356,137.54
2357,78.73
2358,134.61
2359,71.78
2360,108.61
2361,67.66
2362,143.65
2363,75.86
2364,132.64
2365,75.28
2366,149.33
2367,42.26
2368,267.69
2369,214.16
2370,278.52
2371,211.32
2372,277.24
2373,201.75
2374,292.64
2375,222.49
2376,246.43
2377,197.65
2378,277.02
2379,249.40
2380,326.43
2381,246.63
2382,304.17
2383,237.37
2384,294.11
2385,238.10
2386,340.94
2387,228.76
2388,322.56
2389,228.35
2390,265.70
2391,298.79
2392,241.43
2393,273.20
2394,245.25
2395,267.26
2396,238.38
2397,328.67
2398,236.63
2399,262.77
2400,260.82
2401,272.45
2402,228.86
2403,368.74
2404,292.22
2405,206.65
2406,285.90
2407,277.97
2408,329.29
2409,284.65
2410,310.11
2411,217.75
2412,285.93
2413,271.89
2414,288.75
2415,217.25
2416,314.68
2417,253.59
2418,310.76
2419,217.95
2420,293.23
2421,261.79
2422,335.83
2423,264.47
2424,323.82
2425,274.69
2426,338.54
2427,248.07
2428,336.29
2429,210.00
2430,327.83
2431,231.30
2432,284.79
2433,232.72
2434,313.55
2435,255.55
2436,314.05
2437,211.54
2438,299.51
2439,274.51
2440,332.37
2441,231.66
2442,283.57
2443,264.32
2444,276.19
2445,204.09
2446,275.93
2447,237.52
2448,281.49
2449,247.79
2450,353.00
2451,236.45
2452,302.87
2453,314.79
2454,261.12
2455,298.83
2456,264.01
2457,325.91
2458,248.33
2459,340.48
2460,237.06
2461,312.75
2462,223.81
2463,256.59
2464,265.05
2465,354.28
2466,258.02
2467,270.39
2468,238.45
2469,252.14
2470,314.12
2471,273.85
2472,309.05
2473,260.85
2474,273.10
2475,262.67
2476,312.64
2477,154.20
2478,244.69
2479,208.67
2480,288.70
2481,219.74
2482,296.33
2483,237.23
2484,280.73
2485,221.94
2486,302.98
2487,230.68
2488,257.96
2489,252.17
2490,300.70
2491,256.31
2492,314.61
2493,213.86
2494,299.61
2495,269.87
2496,307.15
2497,218.77
2498,299.31
2499,256.06
2500,334.25
2501,215.38
2502,328.50
2503,296.41
2504,380.75
2505,283.81
2506,298.90
2507,264.73
2508,336.71
2509,248.16
2510,305.17
2511,225.39
2512,326.09
2513,260.04
2514,261.37
2515,246.93
2516,298.77
2517,301.78
2518,320.95
2519,222.67
2520,310.74
2521,239.84
2522,313.35
2523,247.41
2524,319.18
2525,258.61
2526,242.66
2527,327.48
2528,280.23
2529,353.34
2530,282.02
2531,343.71
2532,243.46
2533,253.23
2534,240.52
2535,319.22
2536,308.81
2537,238.91
2538,304.03
2539,181.61
2540,313.22
2541,237.98
2542,290.55
2543,238.10
2544,257.93
2545,204.99
2546,304.35
2547,224.81
2548,304.05
2549,297.24
2550,224.92
2551,263.37
2552,267.74
2553,300.07
2554,173.89
2555,302.92
2556,270.10
2557,264.94
2558,232.03
2559,253.85
2560,254.73
2561,290.87
2562,277.41
2563,236.87
2564,258.86
2565,232.13
2566,226.27
2567,294.36
2568,234.35
2569,236.26
2570,288.72
2571,274.73
2572,279.27
2573,272.54
2574,234.49
2575,283.19
2576,236.62
2577,233.62
2578,281.13
2579,279.84
2580,250.65
2581,245.14
2582,278.59
2583,237.58
2584,223.89
2585,270.31
2586,267.86
2587,253.75
2588,225.47
2589,262.00
2590,293.75
2591,277.35
2592,202.07
2593,242.69
2594,244.38
2595,233.60
2596,269.29
2597,251.94
2598,280.72
2599,239.88
2600,260.08
2601,237.98
2602,256.91
2603,276.81
2604,268.71
2605,286.11
2606,269.71
2607,290.94
2608,195.24
2609,240.42
2610,251.46
2611,273.56
2612,267.92
2613,281.76
2614,282.63
2615,281.89
2616,262.74
2617,257.03
2618,254.82
2619,245.94
2620,276.32
2621,100.97
2622,73.40
2623,254.07
2624,264.43
2625,232.28
2626,262.32
2627,274.31
2628,272.51
2629,288.13
2630,277.00
2631,281.23
2632,256.56
2633,249.86
2634,285.36
2635,291.72
2636,249.12
2637,234.87
2638,255.88
2639,274.82
2640,302.39
2641,260.64
2642,297.72
2643,273.14
2644,272.01
2645,256.05
2646,265.69
2647,274.96
2648,291.92
2649,229.77
2650,256.18
2651,277.37
2652,265.39
2653,243.68
2654,264.37
2655,290.98
2656,283.92
2657,278.13
2658,294.71
2659,277.91
2660,264.05
2661,243.19
2662,259.46
2663,261.19
2664,239.70
2665,260.86
2666,287.81
2667,275.52
2668,251.51
2669,296.67
2670,291.16
2671,299.96
2672,263.66
2673,265.01
2674,282.05
2675,242.48
2676,288.07
2677,287.50
2678,264.17
2679,239.02
2680,240.64
2681,275.72
2682,285.70
2683,292.57
2684,249.45
2685,226.56
2686,254.40
2687,248.60
2688,264.01
2689,279.70
2690,234.72
2691,266.57
2692,258.50
2693,274.58
2694,278.54
2695,249.84
2696,289.41
2697,249.51
2698,265.43
2699,252.05
2700,260.03
2701,271.11
2702,274.27
2703,225.76
2704,225.90
2705,262.25
2706,273.61
2707,264.83
2708,283.87
2709,265.96
2710,244.45
2711,273.38
2712,225.32
2713,270.43
2714,257.75
2715,263.23
2716,228.33
2717,287.54
2718,295.57
2719,289.96
2720,297.88
2721,255.57
2722,222.99
2723,269.44
2724,284.31
2725,246.28
2726,265.16
2727,255.08
2728,297.45
2729,254.93
2730,266.22
2731,247.04
2732,322.40
2733,291.87
2734,265.24
2735,281.78
2736,198.15
2737,266.67
2738,317.17
2739,274.05
2740,291.49
2741,336.01
2742,331.50
2743,275.70
2744,265.03
2745,323.55
2746,334.99
2747,289.38
2748,318.00
2749,339.74
2750,342.92
2751,295.14
2752,326.75
2753,287.84
2754,337.13
2755,233.15
2756,326.67
2757,297.67
2758,294.65
2759,289.91
2760,321.17
2761,337.97
2762,324.66
2763,332.36
2764,300.34
2765,268.30
2766,240.71
2767,275.62
2768,286.25
2769,285.19
2770,283.25
2771,282.14
2772,277.72
2773,246.77
2774,234.25
2775,288.10
2776,257.35
2777,261.59
2778,262.55
2779,280.25
2780,271.64
2781,257.79
2782,279.58
2783,240.45
2784,243.91
2785,249.81
2786,97.38
2787,82.48
2788,284.91
2789,241.19
2790,245.91
2791,242.03
2792,264.32
2793,262.58
2794,233.68
2795,232.67
2796,250.90
2797,274.71
2798,240.37
2799,251.16
2800,244.13
2801,234.35
2802,257.57
2803,285.88
2804,287.52
2805,255.66
2806,278.12
2807,232.96
2808,253.44
2809,209.45
2810,210.25
2811,270.86
2812,288.52
2813,255.60
2814,287.85
2815,247.69
2816,266.88
2817,247.73
2818,277.49
2819,268.60
2820,279.41
2821,284.75
2822,273.40
2823,209.86
2824,245.88
2825,250.46
2826,290.17
2827,286.54
2828,260.25
2829,276.63
2830,278.69
2831,264.85
2832,249.71
2833,292.28
2834,258.30
2835,272.00
2836,278.19
2837,260.89
2838,221.76
2839,247.65
2840,269.93
2841,244.04
2842,247.32
2843,264.82
2844,205.76
2845,255.21
2846,241.52
2847,243.84
2848,244.74
2849,261.27
2850,258.90
2851,302.59
2852,261.68
2853,265.64
2854,223.30
2855,264.32
2856,245.67
2857,242.65
2858,265.77
2859,252.02
2860,287.42
2861,262.54
2862,276.85
2863,287.99
2864,266.08
2865,222.35
2866,201.35
2867,276.46
2868,279.24
2869,245.71
2870,258.53
2871,230.30
2872,260.80
2873,254.01
2874,258.40
2875,296.02
2876,267.72
2877,251.65
2878,256.25
2879,269.02
2880,280.18
2881,263.97
2882,276.24
2883,251.55
2884,232.41
2885,231.57
2886,257.77
2887,246.41
2888,275.41
2889,281.95
2890,271.92
2891,280.03
2892,294.46
2893,296.92
2894,241.19
2895,228.25
2896,235.52
2897,261.93
2898,212.35
2899,247.44
2900,213.88
2901,232.66
2902,291.59
2903,261.42
2904,273.31
2905,231.79
2906,290.93
2907,284.79
2908,265.35
2909,218.65
2910,283.27
2911,254.27
2912,293.50
2913,253.60
2914,246.55
2915,237.71
2916,231.61
2917,269.66
2918,243.66
2919,262.93
2920,248.68
2921,285.68
2922,254.65
2923,277.50
2924,265.30
2925,288.58
2926,236.43
2927,284.79
2928,228.94
2929,262.19
2930,273.49
2931,282.38
2932,293.32
2933,270.87
2934,285.87
2935,287.43
2936,276.82
2937,243.45
2938,214.85
2939,272.23
2940,274.24
2941,240.81
2942,263.76
2943,222.17
2944,287.52
2945,251.80
2946,245.19
2947,261.10
2948,271.44
2949,247.37
2950,234.49
2951,289.76
2952,274.76
2953,256.83
2954,232.66
2955,252.20
2956,264.82
2957,256.14
2958,77.64
2959,65.42
2960,76.96
2961,75.84
2962,78.52
2963,82.40
2964,81.07
2965,84.66
2966,80.97
2967,82.80
2968,83.10
2969,68.75
2970,77.94
2971,84.20
2972,76.20
2973,78.91
2974,80.10
2975,75.79
2976,75.44
2977,53.18
2978,95.84
2979,236.26
2980,261.60
2981,281.71
2982,237.66
2983,245.30
2984,234.53
2985,257.74
2986,236.26
2987,258.02
2988,243.05
2989,268.47
2990,266.40
2991,233.83
2992,257.67
2993,266.64
2994,253.66
2995,250.46
2996,260.97
2997,230.33
2998,234.49
2999,239.32
3000,256.77
3001,255.00
3002,283.11
3003,280.53
3004,265.21
3005,233.66
3006,265.23
3007,272.75
3008,256.10
3009,239.96
3010,262.60
3011,252.11
3012,240.12
3013,265.07
3014,279.85
3015,267.08
3016,279.65
3017,268.03
3018,221.89
3019,274.95
3020,251.92
3021,281.03
3022,280.44
3023,246.26
3024,281.92
3025,234.39
3026,208.16
3027,235.66
3028,269.06
3029,265.46
3030,261.27
3031,276.33
3032,264.17
3033,275.49
3034,270.24
3035,267.32
3036,226.76
3037,243.46
3038,237.14
3039,246.42
3040,238.91
3041,277.62
3042,280.46
3043,259.51
3044,235.77
3045,259.09
3046,249.48
3047,246.85
3048,224.55
3049,230.00
3050,191.59
3051,250.52
3052,226.72
3053,304.87
3054,283.62
3055,261.92
3056,259.84
3057,296.74
3058,286.20
3059,284.16
3060,272.95
3061,236.30
3062,251.12
3063,280.57
3064,289.94
3065,244.16
3066,270.20
3067,280.66
3068,273.12
3069,287.33
3070,263.96
3071,286.06
3072,324.97
3073,243.11
3074,304.54
3075,324.82
3076,214.63
3077,233.20
3078,294.58
3079,247.55
3080,253.73
3081,266.95
3082,256.19
3083,233.07
3084,249.53
3085,241.52
3086,227.65
3087,258.61
3088,246.20
3089,236.31
3090,257.00
3091,224.69
3092,243.35
3093,204.45
3094,237.81
3095,226.42
3096,228.09
3097,225.89
3098,222.43
3099,281.09
3100,245.53
3101,248.23
3102,248.34
3103,233.81
3104,235.65
3105,258.48
3106,268.25
3107,229.63
3108,202.51
3109,230.94
3110,245.31
3111,248.19
3112,270.28
3113,266.59
3114,228.57
3115,261.25
3116,269.23
3117,235.59
3118,236.70
3119,260.04
3120,275.94
3121,294.72
3122,241.93
3123,276.93
3124,236.23
3125,244.33
3126,204.39
3127,248.73
3128,282.57
3129,261.91
3130,313.47
3131,275.30
3132,305.05
3133,292.19
3134,272.91
3135,322.70
3136,280.47
3137,271.44
3138,300.93
3139,255.08
3140,271.30
3141,296.86
3142,242.16
3143,267.39
3144,293.37
3145,313.60
3146,282.18
3147,291.44
3148,290.04
3149,319.95
3150,299.67
3151,284.41
3152,313.16
3153,279.98
3154,266.33
3155,306.21
3156,305.80
3157,97.07
3158,77.38
3159,224.16
3160,232.82
3161,265.72
3162,250.18
3163,240.21
3164,232.52
3165,270.86
3166,276.43
3167,258.77
3168,274.30
3169,270.99
3170,250.00
3171,224.99
3172,251.20
3173,227.60
3174,271.78
3175,267.27
3176,241.16
3177,250.33
3178,276.17
3179,239.48
3180,242.20
3181,220.87
3182,234.92
3183,215.51
3184,231.05
3185,223.72
3186,252.90
3187,220.88
3188,240.77
3189,254.76
3190,231.50
3191,233.64
3192,248.67
3193,225.98
3194,213.80
3195,219.51
3196,258.75
3197,317.44
3198,277.14
3199,186.21
3200,249.59
3201,308.19
3202,315.07
3203,304.15
3204,282.90
3205,301.91
3206,327.99
3207,291.42
3208,285.14
3209,295.25
3210,312.50
3211,309.41
3212,268.77
3213,217.00
3214,241.16
3215,260.76
3216,239.98
3217,248.97
3218,241.40
3219,288.81
3220,245.25
3221,256.95
3222,234.28
3223,224.88
3224,210.65
3225,222.11
3226,225.00
3227,258.29
3228,247.09
3229,222.43
3230,240.10
3231,268.27
3232,270.10
3233,218.90
3234,240.71
3235,210.30
3236,199.28
3237,224.73
3238,202.74
3239,219.85
3240,250.36
3241,259.34
3242,245.93
3243,206.29
3244,207.78
3245,237.48
3246,244.35
3247,235.31
3248,232.75
3249,251.71
3250,219.61
3251,212.56
3252,243.45
3253,257.29
3254,226.22
3255,273.89
3256,260.61
3257,200.34
3258,200.92
3259,248.45
3260,242.92
3261,268.52
3262,234.82
3263,250.20
3264,250.53
3265,227.63
3266,254.36
3267,248.02
3268,256.57
3269,230.98
3270,239.48
3271,244.06
3272,247.54
3273,253.34
3274,258.81
3275,240.23
3276,236.84
3277,244.42
3278,217.39
3279,226.44
3280,236.01
3281,263.69
3282,265.37
3283,241.73
3284,259.54
3285,269.67
3286,244.19
3287,268.58
3288,247.49
3289,272.21
3290,261.56
3291,217.46
3292,229.30
3293,263.61
3294,264.73
3295,267.08
3296,259.83
3297,243.76
3298,277.47
3299,278.86
3300,260.81
3301,208.82
3302,266.86
3303,235.29
3304,188.74
3305,244.56
3306,226.40
3307,252.14
3308,261.53
3309,244.27
3310,272.61
3311,265.96
3312,280.02
3313,249.86
3314,255.92
3315,230.79
3316,243.18
3317,222.90
3318,215.13
3319,202.96
3320,234.01
3321,274.10
3322,196.35
3323,279.67
3324,253.97
3325,246.33
3326,196.20
3327,229.50
3328,269.92
3329,220.45
3330,239.70
3331,236.73
3332,268.95
3333,255.27
3334,246.63
3335,235.29
3336,240.12
3337,264.14
3338,248.18
3339,278.02
3340,250.12
3341,260.54
3342,233.89
3343,235.77
3344,97.96
3345,79.49
3346,240.17
3347,284.88
3348,301.65
3349,294.60
3350,306.32
3351,270.68
3352,270.13
3353,298.50
3354,246.12
3355,256.32
3356,270.25
3357,261.34
3358,222.01
3359,247.87
3360,312.56
3361,263.53
3362,271.75
3363,224.71
3364,294.94
3365,216.18
3366,259.81
3367,169.14
3368,301.40
3369,225.68
3370,307.75
3371,252.62
3372,283.21
3373,212.56
3374,361.95
3375,202.00
3376,360.19
3377,266.24
3378,311.32
3379,184.18
3380,299.21
3381,215.54
3382,377.57
3383,234.30
3384,295.82
3385,240.93
3386,343.38
3387,224.99
3388,328.23
3389,272.09
3390,297.42
3391,199.51
3392,229.88
3393,202.05
3394,250.08
3395,174.14
3396,352.52
3397,241.95
3398,281.90
3399,219.56
3400,297.97
3401,225.51
3402,311.16
3403,243.20
3404,343.11
3405,201.78
3406,284.41
3407,230.64
3408,346.98
3409,217.42
3410,276.47
3411,372.94
3412,239.21
3413,301.78
3414,209.37
3415,381.97
3416,220.49
3417,395.63
3418,296.38
3419,257.02
3420,196.12
3421,212.74
3422,345.58
3423,268.93
3424,242.96
3425,316.73
3426,249.70
3427,272.06
3428,251.24
3429,393.38
3430,294.54
3431,221.08
3432,281.23
3433,213.75
3434,312.89
3435,240.51
3436,339.04
3437,237.87
3438,291.69
3439,224.23
3440,264.21
3441,233.58
3442,319.97
3443,192.02
3444,268.28
3445,210.22
3446,314.33
3447,159.86
3448,250.21
3449,237.43
3450,323.27
3451,213.15
3452,294.62
3453,203.67
3454,303.00
3455,192.82
3456,320.20
3457,219.01
3458,243.96
3459,186.65
3460,307.10
3461,198.37
3462,232.44
3463,203.88
3464,243.03
3465,211.53
3466,310.88
3467,216.55
3468,317.75
3469,232.28
3470,332.51
3471,232.59
3472,277.24
3473,200.98
3474,259.59
3475,210.58
3476,301.34
3477,219.77
3478,260.99
3479,203.04
3480,255.21
3481,235.87
3482,332.50
3483,232.29
3484,295.64
3485,298.36
3486,218.71
3487,277.99
3488,260.27
3489,310.75
3490,228.43
3491,292.17
3492,228.96
3493,307.13
3494,251.34
3495,320.69
3496,190.31
3497,257.43
3498,209.23
3499,292.02
3500,235.33
3501,289.68
3502,176.31
3503,290.36
3504,211.18
3505,300.56
3506,217.99
3507,322.77
3508,237.15
3509,275.23
3510,229.24
3511,339.39
3512,221.10
3513,318.20
3514,247.73
3515,294.66
3516,215.79
3517,300.34
3518,227.56
3519,327.79
3520,226.39
3521,301.96
3522,217.46
3523,302.75
3524,240.14
3525,337.79
3526,216.13
3527,228.21
3528,188.23
3529,240.51
3530,198.36
3531,299.95
3532,218.83
3533,305.60
3534,216.91
3535,294.49
3536,212.52
3537,319.10
3538,188.78
3539,402.98
3540,203.68
3541,208.44
3542,231.77
3543,350.45
3544,269.87
3545,383.66
3546,232.33
3547,379.48
3548,263.89
3549,429.74
3550,247.21
3551,329.90
3552,224.37
3553,294.65
3554,330.86
3555,216.62
3556,297.83
3557,252.42
3558,335.18
3559,236.07
3560,301.74
3561,376.83
3562,247.54
3563,328.46
3564,257.44
3565,383.19
3566,232.60
3567,321.63
3568,251.36
3569,334.61
3570,234.42
3571,313.72
3572,229.33
3573,287.24
3574,362.48
3575,177.27
3576,232.19
3577,236.12
3578,377.09
3579,310.41
3580,243.22
3581,262.01
3582,259.60
3583,317.24
3584,253.18
3585,345.77
3586,235.16
3587,297.31
3588,214.93
3589,328.18
3590,302.62
3591,235.67
3592,309.14
3593,213.30
3594,296.01
3595,219.50
3596,342.61
3597,193.20
3598,338.91
3599,257.32
3600,294.21
3601,234.60
3602,269.76
3603,253.81
3604,338.41
3605,227.03
3606,301.21
3607,230.06
3608,312.94
3609,250.11
3610,303.09
3611,231.75
3612,280.83
3613,250.87
3614,354.23
3615,230.65
3616,351.28
3617,220.56
3618,313.13
3619,235.39
3620,332.50
3621,218.76
3622,335.74
3623,193.22
3624,336.13
3625,239.01
3626,249.48
3627,251.29
3628,311.26
3629,225.30
3630,373.26
3631,181.09
3632,267.04
3633,258.53
3634,345.94
3635,234.91
3636,321.54
3637,191.92
3638,376.53
3639,241.30
3640,301.99
3641,269.75
3642,240.36
3643,364.50
3644,228.47
3645,339.82
3646,222.48
3647,276.44
3648,218.19
3649,302.79
3650,211.98
3651,321.84
3652,211.58
3653,291.65
3654,205.29
3655,342.01
3656,222.48
3657,364.27
3658,278.30
3659,370.08
3660,258.35
3661,263.64
3662,186.91
3663,360.37
3664,255.28
3665,319.46
3666,404.20
3667,280.02
3668,349.05
3669,254.40
3670,296.87
3671,365.34
3672,208.32
3673,354.15
3674,264.75
3675,265.23
3676,291.61
3677,250.93
3678,288.43
3679,209.23
3680,365.52
3681,296.25
3682,197.40
3683,269.72
3684,234.16
3685,301.62
3686,195.58
3687,293.49
3688,244.05
3689,368.28
3690,187.42
3691,292.44
3692,227.37
3693,334.46
3694,230.96
3695,295.73
3696,221.69
3697,312.50
3698,180.04
3699,212.79
3700,249.45
3701,291.82
3702,203.45
3703,301.92
3704,209.17
3705,276.22
3706,209.16
3707,194.05
3708,236.04
3709,282.95
3710,224.94
3711,304.87
3712,208.83
3713,305.00
3714,201.94
3715,280.19
3716,195.99
3717,275.66
3718,208.69
3719,278.61
3720,232.99
3721,328.96
3722,219.76
3723,256.32
3724,65.46
3725,153.47
3726,75.02
3727,138.02
3728,73.51
3729,136.90
3730,79.72
3731,146.94
3732,79.03
3733,125.25
3734,81.03
3735,140.23
3736,78.77
3737,144.08
3738,70.71
3739,134.49
3740,72.84
3741,139.96
3742,79.07
3743,147.68
3744,81.47
3745,146.98
3746,70.63
3747,126.67
3748,74.27
3749,147.94
3750,78.71
3751,163.75
3752,70.88
3753,157.25
3754,67.55
3755,221.82
3756,367.07
3757,253.18
3758,272.45
3759,339.17
3760,261.86
3761,363.48
3762,338.70
3763,280.43
3764,347.26
3765,251.09
3766,387.39
3767,245.86
3768,394.99
3769,244.05
3770,227.67
3771,298.63
3772,235.64
3773,330.15
3774,206.05
3775,266.14
3776,307.46
3777,242.50
3778,312.17
3779,227.54
3780,320.57
3781,253.09
3782,215.24
3783,262.36
3784,217.77
3785,322.29
3786,219.40
3787,215.90
3788,321.69
3789,232.61
3790,267.37
3791,292.56
3792,250.09
3793,330.84
3794,254.39
3795,245.19
3796,253.83
3797,343.92
3798,211.31
3799,403.42
3800,284.31
3801,231.04
3802,313.82
3803,239.71
3804,365.62
3805,340.59
3806,244.08
3807,314.62
3808,240.87
3809,310.64
3810,201.37
3811,241.53
3812,236.01
3813,321.42
3814,234.26
3815,266.50
3816,321.48
3817,252.76
3818,336.17
3819,248.39
3820,249.91
3821,284.95
3822,228.08
3823,374.24
3824,189.84
3825,348.65
3826,209.15
3827,336.58
3828,397.55
3829,265.73
3830,270.55
3831,322.96
3832,250.87
3833,327.96
3834,249.47
3835,251.36
3836,322.71
3837,254.24
3838,315.91
3839,306.80
3840,220.09
3841,363.21
3842,276.17
3843,398.26
3844,274.27
3845,389.80
3846,278.01
3847,400.11
3848,290.65
3849,432.21
3850,262.03
3851,287.84
3852,230.46
3853,281.90
3854,379.02
3855,282.15
3856,317.01
3857,226.15
3858,263.37
3859,255.53
3860,213.03
3861,277.99
3862,239.23
3863,334.62
3864,218.35
3865,351.64
3866,195.69
3867,273.97
3868,213.56
3869,270.20
3870,204.44
3871,263.69
3872,191.58
3873,298.54
3874,238.36
3875,282.79
3876,181.99
3877,317.12
3878,222.37
3879,294.47
3880,239.26
3881,334.89
3882,244.58
3883,254.84
3884,294.97
3885,170.63
3886,254.50
3887,231.95
3888,333.34
3889,231.03
3890,250.83
3891,312.61
3892,228.47
3893,335.46
3894,233.04
3895,324.80
3896,219.17
3897,286.39
3898,239.38
3899,398.03
3900,242.09
3901,387.25
3902,311.60
3903,247.92
3904,363.48
3905,273.63
3906,342.37
3907,331.22
3908,281.55
3909,347.64
3910,342.34
3911,256.13
3912,356.29
3913,400.93
3914,227.30
3915,382.67
3916,246.09
3917,296.44
3918,275.45
3919,252.26
3920,360.82
3921,250.03
3922,289.58
3923,190.57
3924,268.21
3925,340.56
3926,248.21
3927,366.65
3928,281.99
3929,258.36
3930,355.80
3931,241.17
3932,350.56
3933,235.78
3934,349.08
3935,392.60
3936,299.94
3937,362.24
3938,250.28
3939,368.37
3940,212.65
3941,326.56
3942,229.85
3943,335.48
3944,243.00
3945,310.03
3946,216.84
3947,266.06
3948,321.98
3949,235.14
3950,293.13
3951,295.46
3952,206.01
3953,336.03
3954,225.06
3955,287.14
3956,252.78
3957,314.37
3958,294.97
3959,239.85
3960,263.25
3961,197.63
3962,295.39
3963,223.32
3964,316.17
3965,249.66
3966,362.11
3967,235.93
3968,268.50
3969,226.93
3970,317.72
3971,313.98
3972,250.21
3973,344.67
3974,261.57
3975,355.38
3976,221.94
3977,331.93
3978,234.11
3979,269.58
3980,253.96
3981,242.12
3982,222.81
3983,253.87
3984,317.06
3985,238.78
3986,314.95
3987,237.27
3988,319.78
3989,258.79
3990,377.16
3991,231.79
3992,239.77
3993,165.45
3994,249.15
3995,256.27
3996,280.30
3997,206.73
3998,305.85
3999,241.06
4000,308.40
4001,239.80
4002,322.96
4003,236.52
4004,299.25
4005,175.55
4006,298.55
4007,203.82
4008,252.81
4009,200.87
4010,333.07
4011,218.73
4012,311.44
4013,242.74
4014,264.96
4015,219.20
4016,321.65
4017,244.70
4018,326.54
4019,211.58
4020,321.39
4021,226.60
4022,276.23
4023,231.03
4024,320.01
4025,242.35
4026,326.07
4027,226.92
4028,254.52
4029,258.04
4030,279.06
4031,203.40
4032,205.85
4033,197.10
4034,320.16
4035,232.60
4036,280.49
4037,209.99
4038,200.55
4039,315.20
4040,222.47
4041,342.82
4042,230.88
4043,282.61
4044,245.49
4045,326.00
4046,243.58
4047,271.54
4048,233.27
4049,292.14
4050,163.86
4051,246.28
4052,200.99
4053,201.39
4054,182.06
4055,269.65
4056,188.65
4057,315.84
4058,245.88
4059,346.31
4060,243.26
4061,261.95
4062,296.01
4063,231.41
4064,270.19
4065,237.27
4066,299.82
4067,245.43
4068,332.65
4069,206.69
4070,309.65
4071,235.05
4072,338.12
4073,226.64
4074,333.69
4075,265.34
4076,223.98
4077,272.18
4078,261.40
4079,291.66
4080,254.63
4081,333.21
4082,261.25
4083,330.94
4084,245.96
4085,343.16
4086,325.21
4087,229.86
4088,324.04
4089,221.78
4090,325.59
4091,195.68
4092,304.30
4093,250.39
4094,320.57
4095,243.74
4096,307.92
4097,232.23
4098,283.65
4099,236.66
4100,228.66
4101,230.33
4102,295.44
4103,241.02
4104,344.71
4105,248.16
4106,246.97
4107,123.08
4108,300.94
4109,265.68
4110,169.36
4111,214.66
4112,280.97
4113,252.00
4114,250.28
4115,225.43
4116,221.51
4117,210.09
4118,261.84
4119,246.45
4120,204.00
4121,186.65
4122,247.75
4123,230.12
4124,259.27
4125,252.39
4126,157.58
4127,249.03
4128,231.70
4129,221.16
4130,272.48
4131,266.77
4132,192.47
4133,253.84
4134,264.01
4135,233.75
4136,273.90
4137,249.65
4138,236.52
4139,255.57
4140,261.40
4141,211.18
4142,164.24
4143,197.13
4144,183.05
4145,187.79
4146,218.04
4147,233.69
4148,100.42
4149,67.39
4150,267.49
4151,211.39
4152,203.06
4153,206.35
4154,240.99
4155,236.16
4156,282.92
4157,271.72
4158,248.95
4159,238.59
4160,211.39
4161,294.28
4162,285.30
4163,265.82
4164,280.86
4165,307.47
4166,231.06
4167,264.39
4168,269.62
4169,267.86
4170,251.57
4171,306.27
4172,169.09
4173,260.62
4174,291.94
4175,268.47
4176,260.83
4177,249.63
4178,291.63
4179,275.26
4180,314.10
4181,241.25
4182,244.11
4183,286.96
4184,235.95
4185,213.88
4186,222.51
4187,238.19
4188,273.91
4189,252.68
4190,247.51
4191,292.59
4192,312.80
4193,297.50
4194,307.36
4195,258.83
4196,275.54
4197,279.59
4198,278.76
4199,282.90
4200,323.85
4201,303.12
4202,291.85
4203,306.68
4204,261.95
4205,281.92
4206,284.78
4207,303.17
4208,310.83
4209,271.28
4210,244.82
4211,298.24
4212,291.68
4213,245.36
4214,297.58
4215,306.49
4216,322.52
4217,307.10
4218,313.42
4219,305.25
4220,277.02
4221,302.38
4222,308.10
4223,265.84
4224,330.29
4225,310.84
4226,287.64
4227,280.70
4228,320.64
4229,304.79
4230,286.04
4231,237.76
4232,233.13
4233,249.54
4234,276.93
4235,257.00
4236,268.33
4237,292.72
4238,256.62
4239,286.50
4240,306.79
4241,227.18
4242,286.15
4243,261.40
4244,239.30
4245,280.16
4246,297.72
4247,256.36
4248,314.41
4249,221.01
4250,260.60
4251,315.32
4252,300.56
4253,311.07
4254,298.27
4255,309.44
4256,287.58
4257,302.27
4258,264.40
4259,275.62
4260,284.06
4261,262.96
4262,230.53
4263,313.75
4264,312.75
4265,254.41
4266,305.17
4267,273.37
4268,313.54
4269,248.47
4270,288.33
4271,279.45
4272,311.92
4273,316.91
4274,224.04
4275,247.61
4276,304.30
4277,320.43
4278,278.71
4279,309.91
4280,280.78
4281,328.67
4282,289.81
4283,320.87
4284,308.17
4285,273.32
4286,259.94
4287,238.41
4288,281.80
4289,260.59
4290,316.72
4291,313.98
4292,285.40
4293,262.26
4294,270.84
4295,240.20
4296,251.67
4297,272.05
4298,257.69
4299,282.79
4300,305.37
4301,315.26
4302,294.72
4303,311.75
4304,313.10
4305,297.19
4306,338.07
4307,334.98
4308,324.41
4309,287.99
4310,273.72
4311,296.89
4312,211.88
4313,284.39
4314,281.39
4315,115.65
4316,212.31
4317,305.09
4318,295.20
4319,285.12
4320,260.29
4321,263.49
4322,246.15
4323,273.49
4324,247.39
4325,274.03
4326,283.52
4327,255.67
4328,278.57
4329,274.31
4330,260.10
4331,293.53
4332,285.54
4333,309.34
4334,123.63
4335,196.25
4336,204.44
4337,184.17
4338,251.49
4339,249.58
4340,251.30
4341,244.55
4342,240.64
4343,209.47
4344,95.14
4345,239.34
4346,219.11
4347,190.92
4348,202.92
4349,226.96
4350,224.36
4351,304.80
4352,299.78
4353,288.15
4354,269.46
4355,278.50
4356,319.44
4357,318.75
4358,280.58
4359,97.74
4360,70.34
4361,264.66
4362,281.92
4363,277.48
4364,274.20
4365,317.18
4366,271.86
4367,269.13
4368,269.85
4369,289.73
4370,288.78
4371,314.17
4372,276.53
4373,304.83
4374,218.44
4375,275.82
4376,271.89
4377,295.67
4378,300.78
4379,300.63
4380,309.94
4381,321.01
4382,278.79
4383,269.07
4384,306.62
4385,242.10
4386,302.57
4387,278.72
4388,238.79
4389,277.15
4390,284.85
4391,253.65
4392,235.16
4393,262.74
4394,252.64
4395,283.88
4396,259.59
4397,291.57
4398,248.70
4399,215.89
4400,220.57
4401,283.46
4402,229.86
4403,271.79
4404,255.49
4405,299.25
4406,283.93
4407,305.19
4408,290.15
4409,266.08
4410,288.87
4411,255.04
4412,283.35
4413,316.41
4414,279.99
4415,210.80
4416,252.64
4417,279.93
4418,221.44
4419,207.92
4420,202.19
4421,194.92
4422,278.17
4423,254.60
4424,280.68
4425,262.07
4426,231.42
4427,262.31
4428,227.02
4429,233.81
4430,255.66
4431,202.44
4432,242.67
4433,269.85
4434,208.61
4435,253.15
4436,201.60
4437,256.16
4438,268.87
4439,281.53
4440,171.41
4441,270.36
4442,243.16
4443,245.47
4444,237.02
4445,221.84
4446,198.89
4447,216.58
4448,204.19
4449,221.24
4450,224.67
4451,259.52
4452,251.05
4453,200.69
4454,193.63
4455,162.12
4456,248.76
4457,220.40
4458,225.21
4459,152.79
4460,231.40
4461,268.31
4462,283.72
4463,230.69
4464,176.47
4465,194.62
4466,236.12
4467,235.73
4468,267.73
4469,219.76
4470,207.73
4471,253.39
4472,262.12
4473,243.76
4474,253.75
4475,236.96
4476,272.56
4477,226.71
4478,243.00
4479,231.27
4480,283.72
4481,282.02
4482,250.58
4483,267.08
4484,274.70
4485,264.69
4486,266.16
4487,219.00
4488,253.75
4489,286.64
4490,291.74
4491,318.50
4492,289.52
4493,288.36
4494,302.47
4495,303.63
4496,279.66
4497,324.58
4498,304.58
4499,291.73
4500,291.64
4501,241.63
4502,282.45
4503,265.36
4504,263.15
4505,300.76
4506,259.79
4507,307.95
4508,304.74
4509,303.12
4510,305.25
4511,320.69
4512,308.26
4513,329.77
4514,329.94
4515,328.39
4516,321.40
4517,313.16
4518,277.63
4519,278.54
4520,296.04
4521,296.31
4522,264.62
4523,294.79
4524,310.56
4525,313.04
4526,270.67
4527,314.98
4528,303.74
4529,265.75
4530,292.00
4531,302.76
4532,313.98
4533,326.32
4534,272.99
4535,266.01
4536,277.64
4537,292.98
4538,256.94
4539,295.49
4540,261.77
4541,246.88
4542,230.67
4543,288.05
4544,238.00
4545,235.06
4546,235.49
4547,280.07
4548,252.47
4549,292.44
4550,278.54
4551,247.90
4552,280.01
4553,277.09
4554,309.81
4555,322.30
4556,294.81
4557,273.61
4558,297.55
4559,304.28
4560,311.03
4561,334.65
4562,250.63
4563,276.48
4564,184.73
4565,294.16
4566,243.34
4567,210.55
4568,319.74
4569,283.27
4570,281.40
4571,277.01
4572,236.24
4573,253.84
4574,254.89
4575,281.66
4576,252.86
4577,291.86
4578,252.07
4579,73.54
4580,77.26
4581,74.41
4582,73.73
4583,78.21
4584,80.18
4585,80.45
4586,82.59
4587,66.52
4588,77.28
4589,76.28
4590,81.03
4591,81.88
4592,78.51
4593,78.49
4594,74.86
4595,70.86
4596,76.93
4597,68.88
4598,70.10
4599,56.16
4600,243.19
4601,317.31
4602,254.80
4603,281.94
4604,325.55
4605,349.16
4606,283.03
4607,242.17
4608,227.18
4609,278.63
4610,278.28
4611,305.92
4612,256.44
4613,303.12
4614,259.41
4615,241.02
4616,208.29
4617,236.09
4618,302.31
4619,226.84
4620,252.29
4621,269.53
4622,224.00
4623,201.46
4624,246.08
4625,228.43
4626,207.41
4627,193.10
4628,209.56
4629,198.63
4630,232.12
4631,246.18
4632,265.29
4633,230.92
4634,232.44
4635,195.19
4636,228.55
4637,207.40
4638,244.66
4639,265.43
4640,150.23
4641,236.94
4642,203.03
4643,216.95
4644,230.75
4645,293.48
4646,280.14
4647,309.64
4648,222.88
4649,233.39
4650,243.22
4651,228.58
4652,255.16
4653,273.93
4654,310.02
4655,284.74
4656,287.40
4657,263.44
4658,276.94
4659,272.17
4660,247.80
4661,231.81
4662,241.70
4663,240.39
4664,231.01
4665,234.22
4666,237.09
4667,310.92
4668,308.23
4669,266.88
4670,276.24
4671,258.08
4672,249.48
4673,259.86
4674,255.70
4675,234.19
4676,251.11
4677,266.18
4678,237.38
4679,252.70
4680,257.15
4681,233.52
4682,227.77
4683,253.02
4684,222.05
4685,224.81
4686,216.20
4687,230.10
4688,214.62
4689,243.68
4690,253.05
4691,238.21
4692,244.54
4693,249.49
4694,290.61
4695,241.96
4696,288.70
4697,308.40
4698,262.51
4699,312.33
4700,313.05
4701,328.13
4702,258.57
4703,264.61
4704,288.84
4705,285.03
4706,249.24
4707,281.48
4708,281.80
4709,293.26
4710,319.06
4711,315.58
4712,284.13
4713,194.19
4714,242.36
4715,307.91
4716,303.92
4717,254.12
4718,257.39
4719,286.33
4720,230.18
4721,220.46
4722,251.18
4723,274.12
4724,258.11
4725,240.02
4726,319.23
4727,325.21
4728,223.84
4729,237.20
4730,245.06
4731,179.96
4732,201.53
4733,269.56
4734,268.98
4735,181.33
4736,219.79
4737,212.15
4738,215.19
4739,229.75
4740,241.87
4741,256.64
4742,190.06
4743,171.72
4744,181.17
4745,224.50
4746,216.84
4747,188.37
4748,250.25
4749,192.70
4750,292.18
4751,191.46
4752,284.34
4753,221.27
4754,257.54
4755,177.55
4756,245.56
4757,196.99
4758,181.93
4759,177.03
4760,283.84
4761,224.89
4762,153.13
4763,183.88
4764,218.56
4765,180.05
4766,312.20
4767,188.12
4768,256.67
4769,187.85
4770,294.33
4771,226.98
4772,245.57
4773,189.08
4774,209.24
4775,196.12
4776,277.05
4777,271.22
4778,397.61
4779,254.15
4780,329.29
4781,213.78
4782,375.09
4783,238.83
4784,407.55
4785,273.06
4786,194.10
4787,207.67
4788,244.36
4789,345.46
4790,321.27
4791,212.53
4792,385.27
4793,237.17
4794,348.71
4795,237.12
4796,291.79
4797,185.91
4798,294.78
4799,219.57
4800,336.19
4801,199.61
4802,206.63
4803,117.04
4804,279.53
4805,218.77
4806,273.78
4807,211.60
4808,297.02
4809,206.45
4810,312.58
4811,258.34
4812,321.19
4813,224.17
4814,351.20
4815,205.28
4816,308.84
4817,209.01
4818,284.74
4819,198.04
4820,246.83
4821,147.17
4822,265.61
4823,130.97
4824,241.00
4825,162.79
4826,309.48
4827,197.82
4828,311.30
4829,185.08
4830,192.15
4831,220.71
4832,263.82
4833,235.23
4834,278.00
4835,162.37
4836,246.04
4837,193.52
4838,254.09
4839,190.92
4840,400.66
4841,269.57
4842,375.74
4843,309.25
4844,411.71
4845,253.26
4846,394.48
4847,216.14
4848,324.50
4849,221.58
4850,249.84
4851,351.33
4852,225.77
4853,347.28
4854,217.28
4855,402.43
4856,220.74
4857,326.18
4858,203.72
4859,296.75
4860,151.74
4861,200.50
4862,188.03
4863,296.53
4864,167.39
4865,251.60
4866,177.24
4867,278.17
4868,193.45
4869,207.68
4870,165.80
4871,264.47
4872,197.55
4873,290.44
4874,195.14
4875,273.29
4876,207.21
4877,322.27
4878,187.08
4879,264.87
4880,104.76
4881,243.17
4882,201.63
4883,292.13
4884,228.57
4885,298.77
4886,216.16
4887,316.97
4888,198.26
4889,289.08
4890,185.59
4891,290.94
4892,208.24
4893,289.86
4894,186.15
4895,290.64
4896,183.38
4897,325.37
4898,214.76
4899,313.20
4900,221.06
4901,318.33
4902,221.70
4903,323.27
4904,188.91
4905,309.99
4906,202.14
4907,285.18
4908,86.38
4909,137.44
4910,75.04
4911,290.24
4912,215.84
4913,321.19
4914,207.16
4915,279.87
4916,183.37
4917,280.02
4918,195.93
4919,298.94
4920,218.14
4921,292.41
4922,178.78
4923,318.86
4924,212.49
4925,306.64
4926,197.05
4927,291.38
4928,190.97
4929,264.36
4930,216.32
4931,309.98
4932,257.40
4933,316.48
4934,214.05
4935,329.45
4936,203.19
4937,298.72
4938,188.92
4939,300.56
4940,192.82
4941,282.70
4942,185.84
4943,305.74
4944,193.34
4945,239.06
4946,204.40
4947,287.83
4948,198.29
4949,316.60
4950,216.40
4951,314.06
4952,209.63
4953,305.86
4954,202.36
4955,305.63
4956,218.08
4957,225.44
4958,197.04
4959,326.85
4960,211.99
4961,318.76
4962,246.18
4963,401.11
4964,192.63
4965,370.64
4966,279.54
4967,372.54
4968,240.67
4969,390.60
4970,363.68
4971,188.88
4972,342.38
4973,222.04
4974,332.02
4975,257.33
4976,325.28
4977,229.77
4978,386.10
4979,212.22
4980,267.73
4981,199.02
4982,324.36
4983,238.08
4984,324.81
4985,228.57
4986,312.86
4987,175.19
4988,274.76
4989,220.53
4990,314.01
4991,222.22
4992,283.21
4993,181.58
4994,293.16
4995,220.00
4996,335.08
4997,172.22
4998,222.55
4999,196.70
5000,287.27
5001,194.48
5002,314.42
5003,216.20
5004,332.61
5005,230.06
5006,325.62
5007,213.83
5008,310.42
5009,218.41
5010,274.90
5011,200.90
5012,303.84
5013,190.70
5014,306.88
5015,223.04
5016,316.93
5017,251.56
5018,341.33
5019,253.43
5020,324.15
5021,249.83
5022,302.63
5023,238.65
5024,281.73
5025,220.12
5026,247.65
5027,192.28
5028,270.03
5029,196.21
5030,313.26
5031,217.11
5032,318.22
5033,226.70
5034,326.15
5035,222.79
5036,337.21
5037,211.24
5038,314.51
5039,209.90
5040,282.86
5041,196.19
5042,348.77
5043,221.55
5044,310.99
5045,233.45
5046,290.18
5047,244.22
5048,326.64
5049,230.86
5050,398.65
5051,217.03
5052,330.40
5053,228.30
5054,322.98
5055,234.87
5056,387.78
5057,237.28
5058,315.18
5059,372.83
5060,239.79
5061,247.26
5062,221.14
5063,290.44
5064,234.21
5065,356.28
5066,270.30
5067,251.42
5068,324.36
5069,232.06
5070,341.17
5071,283.66
5072,318.96
5073,204.99
5074,346.68
5075,277.59
5076,267.97
5077,295.72
5078,268.77
5079,340.95
5080,331.13
5081,268.70
5082,355.83
5083,235.21
5084,294.32
5085,343.90
5086,272.61
5087,351.53
5088,248.39
5089,209.38
5090,340.87
5091,241.12
5092,353.35
5093,269.29
5094,362.15
5095,238.97
5096,364.68
5097,227.83
5098,354.52
5099,335.61
5100,279.40
5101,325.02
5102,376.89
5103,233.73
5104,304.04
5105,268.60
5106,325.14
5107,251.80
5108,291.28
5109,348.21
5110,243.81
5111,303.80
5112,239.02
5113,323.15
5114,268.74
5115,306.47
5116,322.78
5117,165.32
5118,252.49
5119,185.33
5120,348.93
5121,176.44
5122,257.33
5123,215.06
5124,272.94
5125,185.35
5126,311.65
5127,154.56
5128,339.09
5129,173.83
5130,156.22
5131,167.56
5132,258.67
5133,190.95
5134,334.67
5135,237.46
5136,351.37
5137,285.64
5138,200.25
5139,318.54
5140,206.84
5141,311.08
5142,288.81
5143,307.20
5144,209.90
5145,256.44
5146,219.51
5147,313.62
5148,278.61
5149,321.39
5150,229.79
5151,327.47
5152,253.78
5153,318.57
5154,264.90
5155,365.70
5156,216.52
5157,287.44
5158,171.49
5159,201.52
5160,219.13
5161,382.61
5162,244.12
5163,306.78
5164,218.21
5165,350.32
5166,231.11
5167,351.74
5168,229.04
5169,371.28
5170,275.89
5171,323.49
5172,230.77
5173,399.84
5174,225.50
5175,350.51
5176,344.60
5177,247.20
5178,414.82
5179,338.88
5180,235.41
5181,303.35
5182,234.97
5183,363.40
5184,252.23
5185,349.09
5186,220.72
5187,374.85
5188,244.92
5189,404.87
5190,253.18
5191,323.34
5192,360.72
5193,254.33
5194,371.91
5195,387.87
5196,257.60
5197,344.92
5198,216.48
5199,346.21
5200,244.15
5201,329.88
5202,254.01
5203,363.40
5204,376.52
5205,248.32
5206,361.47
5207,239.64
5208,377.10
5209,355.87
5210,219.13
5211,352.78
5212,241.71
5213,358.32
5214,206.79
5215,286.64
5216,237.02
5217,300.02
5218,213.47
5219,264.96
5220,200.09
5221,271.22
5222,191.33
5223,294.35
5224,187.40
5225,284.35
5226,220.67
5227,206.07
5228,330.00
5229,244.27
5230,235.54
5231,204.65
5232,313.45
5233,202.36
5234,238.69
5235,177.22
5236,268.12
5237,196.99
5238,299.50
5239,197.14
5240,276.90
5241,208.42
5242,301.97
5243,199.56
5244,299.70
5245,251.03
5246,378.77
5247,253.14
5248,304.53
5249,209.82
5250,310.29
5251,264.91
5252,312.60
5253,228.38
5254,326.69
5255,369.69
5256,248.18
5257,331.94
5258,248.97
5259,328.89
5260,310.24
5261,253.03
5262,328.13
5263,125.79
5264,303.73
5265,266.92
5266,369.19
5267,221.89
5268,386.56
5269,253.27
5270,287.08
5271,233.10
5272,340.21
5273,264.02
5274,303.76
5275,346.02
5276,249.47
5277,395.44
5278,252.49
5279,334.09
5280,257.84
5281,391.83
5282,271.39
5283,386.59
5284,287.55
5285,360.44
5286,247.75
5287,346.99
5288,231.53
5289,326.20
5290,258.40
5291,287.94
5292,372.61
5293,236.75
5294,406.17
5295,244.77
5296,356.51
5297,223.07
5298,316.20
5299,216.97
5300,344.19
5301,278.26
5302,238.99
5303,224.41
5304,329.40
5305,283.46
5306,397.63
5307,287.65
5308,364.44
5309,269.58
5310,340.51
5311,251.86
5312,380.01
5313,265.80
5314,354.51
5315,261.59
5316,252.35
5317,382.17
5318,230.27
5319,339.12
5320,249.48
5321,263.60
5322,318.11
5323,250.88
5324,380.17
5325,242.67
5326,270.44
5327,211.24
5328,251.32
5329,250.06
5330,359.00
5331,235.26
5332,407.70
5333,160.23
5334,229.96
5335,204.35
5336,244.71
5337,178.94
5338,273.64
5339,194.59
5340,280.58
5341,110.79
5342,262.80
5343,230.19
5344,215.95
5345,207.86
5346,263.33
5347,265.77
5348,233.38
5349,156.13
5350,165.15
5351,245.42
5352,246.54
5353,249.68
5354,210.80
5355,225.86
5356,227.02
5357,194.24
5358,189.14
5359,169.49
5360,191.26
5361,204.99
5362,242.00
5363,250.63
5364,264.85
5365,258.39
5366,312.55
5367,239.54
5368,225.36
5369,209.95
5370,224.39
5371,250.27
5372,81.42
5373,53.04
5374,219.17
5375,215.96
5376,194.35
5377,247.70
5378,267.27
5379,261.28
5380,239.58
5381,268.51
5382,229.80
5383,246.24
5384,149.30
5385,227.70
5386,227.72
5387,278.11
5388,227.59
5389,265.70
5390,227.33
5391,199.79
5392,192.89
5393,182.02
5394,245.44
5395,236.78
5396,215.16
5397,227.58
5398,209.63
5399,261.96
5400,213.17
5401,210.79
5402,183.83
5403,268.53
5404,246.69
5405,208.53
5406,266.73
5407,240.26
5408,244.64
5409,263.62
5410,282.81
5411,280.28
5412,274.33
5413,268.40
5414,252.29
5415,269.53
5416,271.93
5417,301.07
5418,293.76
5419,214.03
5420,215.51
5421,275.74
5422,273.90
5423,270.94
5424,304.69
5425,284.88
5426,223.38
5427,248.85
5428,288.73
5429,265.82
5430,281.15
5431,224.59
5432,240.81
5433,265.12
5434,275.25
5435,246.38
5436,246.04
5437,269.61
5438,281.46
5439,265.64
5440,314.05
5441,299.63
5442,266.45
5443,277.52
5444,279.96
5445,294.20
5446,286.46
5447,308.80
5448,275.13
5449,226.26
5450,228.55
5451,263.09
5452,292.92
5453,311.56
5454,309.57
5455,285.26
5456,248.07
5457,221.54
5458,261.74
5459,211.91
5460,240.54
5461,253.92
5462,207.30
5463,236.73
5464,223.47
5465,214.99
5466,226.33
5467,253.67
5468,263.96
5469,257.84
5470,224.23
5471,216.32
5472,182.31
5473,268.11
5474,253.63
5475,234.75
5476,205.03
5477,293.47
5478,289.97
5479,262.83
5480,245.75
5481,245.94
5482,273.22
5483,286.97
5484,286.30
5485,244.63
5486,233.72
5487,307.94
5488,271.82
5489,290.06
5490,245.61
5491,272.82
5492,247.35
5493,247.09
5494,249.69
5495,205.74
5496,245.34
5497,293.05
5498,255.90
5499,258.69
5500,288.62
5501,287.22
5502,248.89
5503,258.26
5504,255.62
5505,214.97
5506,228.67
5507,255.85
5508,296.12
5509,218.31
5510,299.51
5511,293.61
5512,260.69
5513,297.39
5514,228.71
5515,293.15
5516,289.26
5517,330.14
5518,280.15
5519,219.12
5520,239.45
5521,286.24
5522,222.79
5523,203.26
5524,236.64
5525,209.25
5526,260.67
5527,309.26
5528,274.82
5529,239.06
5530,275.73
5531,262.43
5532,263.15
5533,261.33
5534,257.36
5535,249.02
5536,301.64
5537,260.43
5538,281.12
5539,255.87
5540,279.60
5541,267.60
5542,265.04
5543,241.78
5544,256.42
5545,275.86
5546,206.84
5547,235.85
5548,270.88
5549,235.72
5550,247.79
5551,212.20
5552,259.02
5553,239.22
5554,202.55
5555,202.70
5556,208.22
5557,204.29
5558,242.20
5559,194.89
5560,256.84
5561,252.06
5562,309.20
5563,229.84
5564,224.27
5565,229.26
5566,293.07
5567,255.34
5568,255.21
5569,282.67
5570,261.34
5571,210.08
5572,183.96
5573,219.09
5574,245.06
5575,222.16
5576,241.25
5577,246.74
5578,263.44
5579,188.69
5580,187.98
5581,222.76
5582,211.78
5583,229.87
5584,230.16
5585,203.77
5586,232.95
5587,227.98
5588,237.01
5589,277.51
5590,261.43
5591,276.10
5592,280.07
5593,234.76
5594,236.96
5595,227.19
5596,262.22
5597,259.75
5598,274.28
5599,226.41
5600,213.94
5601,257.93
5602,238.60
5603,280.45
5604,280.33
5605,269.03
5606,266.28
5607,237.38
5608,237.86
5609,253.84
5610,231.01
5611,242.88
5612,272.08
5613,264.33
5614,245.83
5615,273.22
5616,222.28
5617,257.57
5618,228.14
5619,223.34
5620,61.51
5621,66.81
5622,68.12
5623,55.25
5624,70.34
5625,73.79
5626,66.90
5627,77.14
5628,70.36
5629,65.47
5630,68.80
5631,75.74
5632,71.84
5633,75.64
5634,71.39
5635,67.47
5636,68.52
5637,75.50
5638,70.37
5639,77.49
5640,61.17
5641,65.82
5642,64.62
5643,199.69
5644,204.58
5645,185.36
5646,228.28
5647,217.41
5648,223.49
5649,215.12
5650,209.52
5651,212.62
5652,226.58
5653,279.99
5654,277.26
5655,276.52
5656,235.37
5657,200.46
5658,222.74
5659,191.59
5660,208.77
5661,199.19
5662,253.25
5663,258.60
5664,251.65
5665,242.49
5666,241.29
5667,261.81
5668,274.63
5669,262.47
5670,220.09
5671,227.52
5672,250.47
5673,266.85
5674,228.09
5675,197.99
5676,221.18
5677,218.73
5678,207.48
5679,176.09
5680,252.53
5681,255.66
5682,275.88
5683,288.78
5684,263.19
5685,248.84
5686,285.36
5687,251.71
5688,217.33
5689,268.85
5690,253.18
5691,273.29
5692,259.35
5693,262.05
5694,181.67
5695,269.40
5696,215.75
5697,277.26
5698,263.07
5699,268.57
5700,247.29
5701,283.54
5702,255.99
5703,209.39
5704,193.79
5705,201.43
5706,246.28
5707,281.14
5708,291.69
5709,299.05
5710,294.70
5711,263.17
5712,248.27
5713,233.58
5714,225.35
5715,201.58
5716,219.01
5717,192.09
5718,235.90
5719,202.59
5720,169.54
5721,231.72
5722,219.40
5723,267.77
5724,257.91
5725,254.25
5726,285.28
5727,224.82
5728,251.14
5729,246.24
5730,211.56
5731,157.71
5732,180.62
5733,215.63
5734,265.06
5735,255.30
5736,225.79
5737,222.50
5738,299.89
5739,242.54
5740,219.02
5741,231.15
5742,241.55
5743,234.86
5744,272.49
5745,255.10
5746,240.59
5747,238.65
5748,217.27
5749,266.26
5750,156.67
5751,158.43
5752,191.86
5753,184.94
5754,227.50
5755,227.10
5756,207.33
5757,219.52
5758,230.60
5759,259.49
5760,225.14
5761,193.83
5762,250.13
5763,244.82
5764,263.56
5765,233.07
5766,263.43
5767,209.71
5768,215.89
5769,226.76
5770,250.51
5771,253.36
5772,102.94
5773,149.48
5774,249.00
5775,302.33
5776,213.37
5777,236.67
5778,219.35
5779,273.38
5780,271.01
5781,265.16
5782,258.48
5783,291.55
5784,238.70
5785,291.42
5786,296.68
5787,303.87
5788,262.98
5789,263.39
5790,249.57
5791,239.36
5792,257.94
5793,263.59
5794,86.89
